0

10

25
3
3
3
3
3
3
3
3
3
3
3
3
3
3
3
3
3
3
3
3
3
3
3
3
3

59

2
2
2
2
2
2
2
2
2
2
2
2
2
2
2
2
2
2
2
2
2
2
2
2
2
2
2
2
2
2
2
2
2
2
2
2
2
2
2
2
2
2
2
2
2
2
2
2
2
2
2
2
2
2
2
2
2
2
2

1 0 0 2 0 0 0 0 0 1
4 0 2 0 0 0 0 4 0 0
2 0 0 0 0 0 5 0 0 1
0 0 0 0 4 0 0 0 0 5
0 4 0 0 0 5 0 0 0 0
0 0 0 0 0 0 0 0 0 0
16 0 0 16 0 0 16 0 0 16
13 0 0 0 0 11 0 0 0 13
0 0 0 0 0 0 0 0 0 0
0 0 0 0 0 0 0 0 0 0
0 23 0 0 0 0 0 0 0 23
0 0 33 0 0 0 42 0 0 0
0 0 0 0 0 0 0 0 0 0
0 0 0 0 0 0 0 0 0 0
0 0 0 0 0 0 0 0 0 0
0 0 18 0 0 0 0 0 0 0
0 0 0 0 0 0 0 0 0 0
18 0 33 0 0 0 42 0 0 0
0 0 0 0 0 0 0 0 0 0
0 0 18 0 0 0 0 0 0 0
13 0 0 0 0 0 0 0 0 13
16 0 0 16 0 0 16 0 0 16
0 0 0 0 0 0 0 0 0 0
0 0 0 0 0 46 0 0 0 0
47 0 0 0 0 0 0 0 0 0

1 0 0 2 0 0 0 0 0 1
4 0 2 0 0 0 0 4 0 0
2 0 0 0 0 0 5 0 0 1
0 0 0 0 4 0 0 0 0 5
0 4 0 0 0 5 0 0 0 0
0 0 0 0 0 0 0 0 0 0
16 0 0 16 0 0 16 0 0 16
13 0 0 0 0 11 0 0 0 13
0 0 0 0 0 0 0 0 0 0
0 0 0 0 0 0 0 0 0 0
0 23 0 0 0 0 0 0 0 23
0 0 33 0 0 0 42 0 0 0
0 0 0 0 0 0 0 0 0 0
0 0 0 0 0 0 0 0 0 0
0 0 0 0 0 0 0 0 0 0
0 0 18 0 0 0 0 0 0 0
0 0 0 0 0 0 0 0 0 0
18 0 33 0 0 0 42 0 0 0
0 0 0 0 0 0 0 0 0 0
0 0 18 0 0 0 0 0 0 0
13 0 0 0 0 0 0 0 0 13
16 0 0 16 0 0 16 0 0 16
0 0 0 0 0 0 0 0 0 0
0 0 0 0 0 46 0 0 0 0
47 0 0 0 0 0 0 0 0 0

1 0 0 2 0 0 0 0 0 1
2 0 0 0 0 0 5 0 0 1
4 0 2 0 0 0 0 4 0 0
0 4 0 0 0 5 0 0 0 0
0 0 0 0 4 0 0 0 0 5
0 0 0 0 0 0 0 0 0 0
16 0 0 16 0 0 16 0 0 16
17 0 0 0 0 0 17 13 0 11
0 0 0 0 0 0 0 0 0 0
0 0 33 0 0 0 23 0 0 0
51 0 0 0 0 0 50 0 0 0
18 0 0 0 0 0 44 0 0 0
0 0 0 33 0 0 0 18 0 0
0 0 0 0 0 0 43 18 0 0
0 0 0 0 0 0 42 0 0 0
18 0 0 0 0 0 0 0 0 0
0 0 0 0 0 0 0 0 0 0
0 0 0 33 0 0 0 0 0 0
0 0 0 0 0 0 17 0 0 19
0 52 0 0 50 0 0 50 0 23
12 0 0 0 0 0 0 0 0 18
16 0 0 16 0 0 16 0 0 16
0 0 0 0 0 0 0 0 0 0
0 0 0 0 0 46 0 0 0 0
47 0 0 0 0 0 0 0 0 48

0 0 0 0 0 0 0 0 0 0
0 0 0 0 4 0 0 0 0 5
4 0 2 0 0 0 0 4 0 0
0 0 0 0 0 0 5 0 0 0
0 0 0 0 0 0 0 0 0 0
0 0 0 0 0 0 0 0 0 0
16 0 0 16 0 0 16 0 0 16
0 0 11 0 0 0 0 11 0 0
0 0 0 0 0 0 0 0 0 13
0 23 0 0 0 0 0 0 0 33
0 0 0 52 0 0 0 0 0 19
0 0 0 0 0 0 0 0 0 0
0 0 0 0 0 0 0 0 0 0
0 0 0 0 0 0 43 0 0 19
0 0 0 0 0 0 0 0 0 0
19 0 0 0 0 0 0 0 0 0
19 0 33 0 0 0 0 0 0 0
19 0 0 0 0 0 0 0 0 0
0 0 0 0 0 0 0 0 0 50
0 0 0 0 0 0 0 0 0 0
0 0 0 0 0 0 0 0 0 0
16 0 0 16 0 0 16 0 0 16
0 0 0 0 0 0 0 0 0 0
0 0 0 0 0 46 0 0 0 0
47 0 0 0 0 0 0 0 0 0

2 0 0 0 0 0 0 0 0 1
0 0 0 0 0 0 0 0 0 0
5 0 2 0 0 0 0 4 0 0
0 0 0 0 4 0 0 0 0 5
0 0 0 0 0 0 0 0 0 0
0 0 0 0 0 0 0 0 0 0
16 0 0 16 0 0 16 0 0 16
0 0 0 0 0 0 40 0 11 13
23 0 0 0 0 0 40 0 0 0
0 0 0 0 0 0 40 0 0 0
0 0 0 0 0 0 40 0 0 0
0 0 0 0 0 0 40 0 0 0
0 0 0 0 0 0 40 0 0 0
0 0 0 0 0 0 40 0 0 0
0 0 0 0 0 0 40 0 0 0
0 0 0 0 0 0 40 0 0 0
0 0 0 0 0 0 40 0 0 0
0 0 0 0 0 0 40 0 0 0
0 0 0 0 0 0 40 0 0 0
0 0 0 0 0 0 40 0 0 0
0 0 0 0 0 0 40 0 0 0
16 0 0 16 0 0 16 0 0 16
0 0 0 0 0 0 0 0 0 0
0 0 0 0 0 46 0 0 0 0
47 0 0 0 0 0 0 0 0 0

2 0 0 0 0 0 0 0 0 1
0 0 0 0 0 0 0 0 0 0
5 0 2 0 0 0 0 4 0 0
0 0 0 0 4 0 0 0 0 5
0 0 0 0 0 0 0 0 0 0
0 0 0 0 0 0 0 0 0 0
16 0 0 16 0 0 16 0 0 16
0 0 0 0 0 0 40 0 11 13
23 0 0 0 0 0 40 0 0 0
0 0 0 0 0 0 40 0 0 0
0 0 0 0 0 0 40 0 0 0
0 0 0 0 0 0 40 0 0 0
0 0 0 0 0 0 40 0 0 0
0 0 0 0 0 0 40 0 0 0
0 0 0 0 0 0 40 0 0 0
0 0 0 0 0 0 40 0 0 0
0 0 0 0 0 0 40 0 0 0
0 0 0 0 0 0 40 0 0 0
0 0 0 0 0 0 40 0 0 0
0 0 0 0 0 0 40 0 0 0
0 0 0 0 0 0 40 0 0 0
16 0 0 16 0 0 16 0 0 16
0 0 0 0 0 0 0 0 0 0
0 0 0 0 0 46 0 0 0 0
47 0 0 0 0 0 0 0 0 0

2 0 0 0 0 3 0 0 0 1
0 0 0 0 0 0 0 0 0 5
0 0 0 3 0 0 0 4 0 0
0 0 0 0 0 0 0 0 0 0
0 0 0 0 0 0 0 0 0 0
30 0 0 0 0 0 0 0 0 0
16 0 0 16 0 0 16 0 0 16
0 11 0 0 26 26 0 0 11 13
33 0 0 0 26 26 0 0 0 33
0 0 0 0 26 26 0 0 19 0
0 0 0 0 26 26 0 0 0 0
0 0 0 0 26 26 0 0 19 0
0 0 0 0 26 26 0 0 0 0
0 0 0 0 26 19 0 0 19 0
19 0 0 0 26 26 0 33 0 0
0 0 0 0 26 19 0 0 19 0
0 0 0 0 26 26 0 50 51 26
0 0 0 0 26 19 0 50 51 26
0 33 0 0 0 13 0 0 0 0
0 33 0 0 0 13 0 0 0 0
0 0 0 0 0 0 0 0 0 33
16 0 0 16 0 0 16 0 0 16
0 0 0 0 0 0 0 0 0 0
0 0 0 0 0 46 0 0 0 0
47 0 0 0 0 0 0 0 0 0

0 0 0 0 0 0 0 0 0 0
0 0 0 0 4 0 0 0 0 5
4 0 2 0 0 0 0 4 0 0
0 0 0 0 0 0 5 0 0 0
0 0 0 0 0 0 0 0 0 0
0 0 0 0 0 0 0 0 0 0
16 0 0 16 0 0 16 0 0 16
0 0 11 0 0 0 0 11 0 0
0 0 0 0 0 0 0 0 0 13
0 23 0 0 0 0 0 0 0 33
0 0 0 52 0 0 0 0 0 19
0 0 0 0 0 0 0 0 0 0
0 0 0 0 0 0 0 0 0 0
0 0 0 0 0 0 43 0 0 19
0 0 0 0 0 0 0 0 0 0
19 0 0 0 0 0 0 0 0 0
19 0 33 0 0 0 0 0 0 0
19 0 0 0 0 0 0 0 0 0
0 0 0 0 0 0 0 0 0 50
0 0 0 0 0 0 0 0 0 0
0 0 0 0 0 0 0 0 0 0
16 0 0 16 0 0 16 0 0 16
0 0 0 0 0 0 0 0 0 0
0 0 0 0 0 46 0 0 0 0
47 0 0 0 0 0 0 0 0 0

3 0 0 0 0 0 0 0 0 1
0 0 0 0 0 0 0 0 0 0
0 0 0 0 0 0 0 0 0 0
0 0 0 0 0 0 0 0 0 0
0 0 0 0 0 0 0 0 0 0
30 0 0 0 0 0 0 0 0 0
16 0 0 16 0 0 16 0 0 16
33 0 11 0 0 17 0 0 0 33
0 0 33 0 0 0 0 0 0 0
0 0 0 0 26 26 0 0 0 0
52 0 0 0 26 26 0 19 0 0
0 0 0 0 26 26 0 19 0 0
0 0 0 0 0 50 0 0 19 33
0 19 0 0 26 26 0 19 0 0
0 0 0 0 26 26 0 19 0 0
0 0 0 0 26 26 0 19 0 0
19 0 0 0 26 26 0 19 0 0
0 0 0 0 33 51 0 0 33 51
33 0 0 0 26 26 0 19 0 0
0 0 0 0 0 0 0 0 0 33
0 33 0 17 0 0 0 0 0 12
16 0 0 16 0 0 16 0 0 16
0 0 0 0 0 0 0 0 0 0
29 0 0 0 0 0 0 0 0 0
0 0 0 0 0 0 0 0 0 7

0 0 0 0 0 0 0 0 0 0
0 0 0 0 4 0 0 0 0 5
0 0 0 0 0 0 0 0 0 0
4 0 2 0 0 0 0 4 0 0
1 0 0 2 0 0 0 0 0 1
2 0 0 0 0 0 0 0 0 1
16 0 0 16 0 0 16 0 0 16
0 0 0 0 0 0 0 0 0 0
23 0 0 0 0 0 0 0 0 0
0 50 0 0 0 0 0 0 0 52
0 0 0 0 0 0 33 0 0 0
0 0 0 0 0 0 33 0 0 0
0 0 0 0 0 0 0 0 0 0
0 0 0 0 0 0 33 0 0 0
0 0 0 0 0 0 33 0 0 0
0 0 0 0 0 0 0 0 0 0
0 0 0 0 0 0 0 0 0 0
0 0 0 0 0 0 0 0 0 0
0 0 0 0 0 0 0 0 0 0
19 0 0 0 0 0 0 0 0 23
19 0 0 0 0 0 0 0 0 0
16 0 0 16 0 0 16 0 0 16
0 0 0 0 0 0 0 0 0 0
0 0 0 0 0 46 0 0 0 0
47 0 0 0 0 0 0 0 0 0

1 0 0 2 0 0 0 0 0 1
2 0 0 0 0 0 5 0 0 1
4 0 2 0 0 0 0 4 0 0
0 4 0 0 0 5 0 0 0 0
0 0 0 0 4 0 0 0 0 1
0 0 0 0 0 0 0 0 0 0
16 0 0 16 0 0 16 0 0 16
11 0 0 11 0 0 11 0 0 11
0 0 0 0 0 0 0 0 0 18
0 0 0 0 23 0 19 0 19 0
50 0 0 0 0 0 0 0 0 0
0 0 0 0 0 33 44 0 0 0
0 0 0 0 0 0 0 0 0 17
0 0 0 0 0 0 43 0 0 0
33 0 0 0 0 0 42 0 0 0
0 0 0 0 0 0 0 0 0 26
19 0 0 0 0 18 0 0 0 26
0 19 0 33 0 0 0 0 0 0
0 0 50 19 0 0 26 0 33 0
0 0 23 0 0 0 0 0 0 0
0 0 19 0 0 0 0 0 0 13
16 0 0 16 0 0 16 0 0 16
0 0 0 0 0 0 0 0 0 0
0 0 0 0 0 0 0 0 0 0
4 0 0 0 0 46 0 0 0 5

4 5 4 3 2 1 4 5 2 1
0 0 0 0 0 0 0 0 0 0
0 0 0 0 0 0 0 0 0 0
0 0 0 0 0 0 0 0 0 0
0 0 0 0 0 0 0 0 0 0
30 0 0 0 0 0 0 0 0 0
16 0 0 16 0 0 16 0 0 16
13 0 0 0 17 17 0 0 0 13
0 0 0 0 17 17 0 0 0 0
0 0 0 0 17 17 0 0 0 0
0 0 0 0 0 0 0 44 0 0
0 0 0 0 0 43 0 0 0 0
0 0 0 0 0 0 0 42 0 0
0 0 0 0 17 17 0 0 0 0
0 0 0 0 17 17 0 0 0 0
13 0 0 0 17 17 0 0 0 13
0 0 0 0 0 0 0 44 0 0
0 0 0 0 0 43 0 0 0 0
0 0 0 0 0 0 0 42 0 0
0 0 0 0 0 0 0 0 0 0
0 0 0 0 0 0 0 0 0 0
16 0 0 16 0 0 16 0 0 16
29 0 0 0 0 0 0 0 0 0
4 0 5 0 48 46 0 6 7 0
0 0 0 7 0 0 0 0 0 0

4 0 0 0 0 0 0 0 0 11
1 0 0 0 0 0 0 0 0 0
5 0 0 0 0 0 0 0 0 0
0 0 0 0 0 0 0 0 0 2
0 0 0 0 0 0 0 0 0 0
30 0 0 0 0 0 0 0 0 0
16 0 0 16 0 0 16 0 0 16
13 0 0 0 0 0 11 0 0 13
0 0 0 0 0 0 0 0 0 0
0 0 0 33 0 0 0 0 0 0
50 0 0 0 0 0 0 0 0 50
0 0 0 33 0 0 0 0 0 0
0 0 0 0 0 0 0 0 33 0
0 0 0 0 0 0 0 0 0 0
0 0 44 0 0 0 0 0 0 0
0 0 0 0 42 0 0 0 0 0
0 0 0 0 0 0 43 0 0 0
0 0 0 33 0 0 0 0 0 0
0 0 0 0 0 0 0 0 33 0
0 0 0 0 0 0 0 0 0 0
13 0 0 0 0 0 0 0 0 13
16 0 0 16 0 0 16 0 0 16
0 0 0 0 0 0 0 0 0 0
0 0 0 0 0 46 0 0 0 0
47 0 0 0 0 0 0 0 0 0

1 0 0 2 0 0 0 0 0 1
2 0 0 0 0 0 5 0 0 1
4 0 2 0 0 0 0 4 0 0
0 4 0 0 0 5 0 0 0 0
0 0 0 0 4 0 0 0 0 1
0 0 0 0 0 0 0 0 0 0
16 0 0 16 0 0 16 0 0 16
11 0 0 11 0 0 11 0 0 11
0 0 0 0 0 0 0 0 0 18
0 0 0 0 23 0 19 0 19 0
50 0 0 0 0 0 0 0 0 0
0 0 0 0 0 33 44 0 0 0
0 0 0 0 0 0 0 0 0 17
0 0 0 0 0 0 43 0 0 0
33 0 0 0 0 0 42 0 0 0
0 0 0 0 0 0 0 0 0 26
19 0 0 0 0 18 0 0 0 26
0 19 0 33 0 0 0 0 0 0
0 0 50 19 0 0 26 0 33 0
0 0 23 0 0 0 0 0 0 0
0 0 19 0 0 0 0 0 0 13
16 0 0 16 0 0 16 0 0 16
0 0 0 0 0 0 0 0 0 0
0 0 0 0 0 0 0 0 0 0
4 0 0 0 0 46 0 0 0 5

4 0 0 0 0 0 0 0 0 11
1 0 0 0 0 0 0 0 0 0
5 0 0 0 0 0 0 0 0 0
0 0 0 0 0 0 0 0 0 2
0 0 0 0 0 0 0 0 0 0
30 0 0 0 0 0 0 0 0 0
16 0 0 16 0 0 16 0 0 16
13 0 0 0 0 0 11 0 0 13
0 0 0 0 0 0 0 0 0 0
0 0 0 33 0 0 0 0 0 0
50 0 0 0 0 0 0 0 0 50
0 0 0 33 0 0 0 0 0 0
0 0 0 0 0 0 0 0 33 0
0 0 0 0 0 0 0 0 0 0
0 0 44 0 0 0 0 0 0 0
0 0 0 0 42 0 0 0 0 0
0 0 0 0 0 0 43 0 0 0
0 0 0 33 0 0 0 0 0 0
0 0 0 0 0 0 0 0 33 0
0 0 0 0 0 0 0 0 0 0
13 0 0 0 0 0 0 0 0 13
16 0 0 16 0 0 16 0 0 16
0 0 0 0 0 0 0 0 0 0
0 0 0 0 0 46 0 0 0 0
47 0 0 0 0 0 0 0 0 0

0 0 0 0 0 0 0 0 0 0
0 4 0 0 0 5 0 0 0 0
0 0 0 0 4 0 0 0 0 5
2 0 0 0 0 0 5 0 0 1
4 0 2 0 0 0 0 4 0 0
1 0 0 2 0 0 0 0 0 1
16 0 0 16 0 0 16 0 0 16
0 0 0 0 0 0 43 0 0 0
0 0 0 0 0 0 0 0 0 0
0 0 33 0 0 0 0 0 0 0
0 0 0 0 0 0 42 0 0 0
0 0 0 0 0 0 44 0 0 0
0 0 0 0 0 0 0 0 0 0
0 0 0 0 0 0 43 0 0 0
0 0 0 0 0 0 42 0 0 0
0 0 0 0 0 0 0 0 0 0
0 0 0 0 0 0 0 0 0 0
0 0 0 33 0 0 0 0 0 0
0 0 0 0 0 0 17 0 0 0
0 0 0 0 0 0 0 0 0 0
0 0 0 0 0 0 0 0 0 0
16 0 0 16 0 0 16 0 0 16
0 0 0 0 0 0 0 0 0 0
0 0 0 0 0 46 0 0 0 0
47 0 0 0 0 0 0 0 0 0

0 0 0 0 0 0 0 0 0 0
4 5 4 3 2 1 4 5 2 1
0 0 0 0 0 0 0 0 0 0
0 0 0 0 0 0 0 0 0 3
0 0 0 0 0 2 0 0 0 0
0 4 0 0 0 0 0 0 0 0
16 0 0 16 0 0 16 0 0 16
0 0 0 0 12 0 0 0 0 0
0 0 0 0 0 0 0 0 0 0
0 0 0 0 0 0 0 0 0 0
0 0 19 0 0 0 0 0 0 0
0 0 0 0 0 0 33 0 0 0
41 0 0 0 0 0 0 0 0 0
0 0 0 0 0 0 0 42 0 0
0 0 0 0 0 43 0 42 0 19
0 0 0 0 0 0 0 42 0 0
0 0 0 0 0 0 0 0 0 0
0 0 0 0 0 0 33 0 0 0
0 0 0 0 12 0 0 0 0 0
0 0 0 0 0 0 0 0 0 0
0 0 0 0 0 0 0 0 0 0
16 0 0 16 0 0 16 0 0 16
0 0 0 0 0 0 0 0 0 0
4 5 4 0 0 48 4 5 0 48
0 0 0 0 0 0 0 0 0 0

0 0 0 0 0 0 0 0 0 0
0 0 0 0 4 0 0 0 0 5
0 0 0 0 0 0 0 0 0 0
4 0 2 0 0 0 0 4 0 0
1 0 0 2 0 0 0 0 0 1
2 0 0 0 0 0 0 0 0 1
16 0 0 16 0 0 16 0 0 16
13 0 0 0 0 0 17 0 0 0
0 0 0 0 0 0 19 0 0 0
0 0 0 0 0 0 19 0 0 23
42 0 0 0 0 0 0 0 0 42
0 0 0 0 0 0 0 0 0 42
0 0 0 0 0 0 0 0 0 26
0 0 19 0 0 0 19 0 0 26
0 0 19 0 33 0 35 0 0 26
0 0 19 0 0 0 19 0 0 26
0 0 0 0 0 0 0 0 0 26
0 0 0 0 0 0 0 0 0 26
0 0 0 0 0 0 0 0 0 26
26 19 0 0 19 23 19 0 19 26
26 19 0 19 0 19 0 19 19 26
16 0 0 16 0 0 16 0 0 16
0 0 0 0 0 0 0 0 0 0
0 0 0 0 0 46 0 0 0 0
47 0 0 0 0 0 0 0 0 0

2 0 0 0 0 0 0 0 0 1
0 0 0 0 0 0 0 0 0 0
5 0 2 0 0 0 0 4 0 0
0 0 0 0 4 0 0 0 0 5
0 0 0 0 0 0 0 0 0 0
0 0 0 0 0 0 0 0 0 1
16 0 0 16 0 0 16 0 0 16
0 0 13 0 0 0 0 0 0 0
0 0 0 0 0 0 0 0 0 0
0 0 0 0 0 0 0 0 0 0
0 0 0 0 0 0 0 0 0 0
0 0 0 0 0 0 0 0 0 0
0 0 0 0 0 0 0 0 0 0
0 0 0 0 0 0 35 0 0 0
0 0 0 0 0 0 0 0 0 0
0 0 0 0 0 0 0 0 0 0
0 0 0 0 0 0 0 0 0 0
0 0 0 0 0 0 0 0 0 0
0 0 0 0 0 0 0 0 0 52
0 0 0 0 0 0 0 0 0 0
0 0 13 0 0 0 0 0 0 0
16 0 0 16 0 0 16 0 0 16
0 0 0 0 0 0 0 0 0 0
0 0 0 0 0 46 0 0 0 0
47 0 0 0 0 0 0 0 0 0

4 5 4 3 2 1 4 5 2 1
4 5 4 3 2 1 4 5 2 1
0 0 0 0 0 0 0 0 0 0
4 5 4 3 2 1 4 5 2 1
4 5 4 3 2 1 4 5 2 1
0 0 0 0 0 0 0 0 0 0
16 0 0 16 0 0 16 0 0 16
14 0 0 0 11 0 18 11 19 0
0 0 0 0 33 0 0 0 0 0
0 0 0 0 0 0 0 0 0 0
0 0 0 0 0 0 0 0 0 42
0 0 0 0 0 0 33 0 0 0
42 0 0 0 0 0 42 0 42 0
0 0 0 0 0 0 0 42 0 0
0 0 0 0 0 43 0 0 0 0
0 0 0 0 0 0 0 42 0 0
0 0 0 0 0 0 0 0 0 0
0 0 0 0 0 0 33 0 0 0
0 0 0 0 0 0 0 0 0 0
0 0 0 0 0 0 0 0 0 0
50 0 0 0 0 0 0 0 0 14
16 0 0 16 0 0 16 0 0 16
0 0 0 0 0 18 0 0 0 33
4 5 4 50 0 50 4 5 0 44
4 5 4 0 51 0 4 5 0 43

2 0 0 0 0 3 0 0 0 1
0 0 0 0 0 0 0 0 0 5
0 0 0 3 0 0 0 4 0 0
0 0 0 0 0 0 0 0 0 0
0 0 0 0 0 0 0 0 0 0
30 0 0 0 0 0 0 0 0 0
16 0 0 16 0 0 16 0 0 16
0 11 0 0 26 26 0 0 11 13
33 0 0 0 26 26 0 0 0 33
0 0 0 0 26 26 0 0 19 0
0 0 0 0 26 26 0 0 0 0
0 0 0 0 26 26 0 0 19 0
0 0 0 0 26 26 0 0 0 0
0 0 0 0 26 19 0 0 19 0
19 0 0 0 26 26 0 33 0 0
0 0 0 0 26 19 0 0 19 0
0 0 0 0 26 26 0 50 51 26
0 0 0 0 26 19 0 50 51 26
0 33 0 0 0 13 0 0 0 0
0 33 0 0 0 13 0 0 0 0
0 0 0 0 0 0 0 0 0 33
16 0 0 16 0 0 16 0 0 16
0 0 0 0 0 0 0 0 0 0
0 0 0 0 0 46 0 0 0 0
47 0 0 0 0 0 0 0 0 0

2 0 0 0 0 0 0 0 0 1
0 0 0 0 0 0 0 0 0 0
4 0 2 0 0 0 0 4 0 0
0 0 0 0 4 0 0 0 0 5
0 0 0 0 0 0 0 0 0 0
1 0 0 2 0 0 0 0 0 1
16 0 0 16 0 0 16 0 0 16
0 0 0 0 0 0 0 0 0 0
18 0 0 0 18 0 0 0 0 18
23 0 0 0 0 0 0 0 0 0
0 50 0 50 0 51 0 50 0 51
0 0 0 0 0 0 0 0 0 0
0 0 0 0 0 0 0 0 0 0
0 0 0 0 0 0 0 0 0 0
0 0 0 0 0 0 0 0 0 0
0 0 0 0 0 0 0 0 0 0
0 0 0 0 0 0 0 0 0 0
0 0 0 0 0 0 0 0 0 0
0 0 0 52 0 0 0 0 0 0
0 0 0 0 0 0 0 0 0 23
18 0 0 0 0 0 0 0 0 0
16 0 0 16 0 0 16 0 0 16
0 0 0 0 0 0 0 0 0 0
0 0 0 0 0 46 0 0 0 0
0 0 0 0 0 0 0 0 0 0

0 0 0 0 0 0 0 0 0 0
4 5 4 3 2 1 4 5 2 1
0 0 0 0 0 0 0 0 0 0
0 0 0 0 0 0 0 0 0 3
0 0 0 0 0 2 0 0 0 0
0 4 0 0 0 0 0 0 0 0
0 0 0 0 0 0 0 0 0 0
16 0 16 0 16 0 16 0 16 0
12 0 0 0 0 0 0 42 0 12
0 0 0 0 0 43 0 0 0 0
0 0 0 0 0 0 0 42 0 0
0 0 0 0 0 0 0 17 0 0
0 0 0 0 33 0 0 17 0 0
0 0 0 0 0 0 0 17 0 0
0 0 0 0 0 0 0 42 0 0
0 0 0 0 0 43 0 0 0 0
0 0 0 0 0 0 0 42 0 0
0 0 0 0 0 0 0 17 0 0
0 0 0 0 0 0 0 17 0 0
18 0 0 0 33 0 0 17 0 0
12 0 0 0 0 0 0 17 0 12
16 0 16 0 16 0 16 0 16 0
0 0 0 0 0 0 0 0 0 0
0 0 0 0 0 0 0 0 0 0
48 0 0 0 0 0 0 0 0 47

7 5 0 2 3 7 0 0 0 7
0 0 0 0 0 0 0 0 0 0
0 0 0 0 0 0 0 0 0 0
0 0 0 0 0 0 0 0 0 0
0 0 0 0 0 0 0 0 0 0
30 0 0 0 0 0 0 0 0 0
16 0 0 16 0 0 16 0 0 16
0 0 0 0 0 0 0 17 17 17
0 0 0 0 35 0 0 17 17 17
0 0 0 0 0 0 0 17 17 17
0 0 0 0 0 0 0 44 0 0
0 0 0 0 0 43 0 0 0 0
0 0 0 0 0 0 0 42 0 0
0 0 0 0 0 0 0 17 17 17
0 0 0 0 35 0 0 17 17 17
0 0 0 0 0 0 0 17 17 17
0 0 0 0 0 0 0 44 0 0
0 0 0 0 0 43 0 0 0 0
0 0 0 0 0 0 0 42 0 0
0 0 0 0 0 0 0 0 0 0
0 0 0 0 0 0 0 0 0 0
16 0 0 16 0 0 16 0 0 16
29 0 0 0 0 0 0 0 0 0
0 0 0 0 0 0 0 0 0 0
4 5 4 42 0 47 4 5 0 47

0 0 0 0 0 0 0 0 0 0
4 5 4 3 2 1 4 5 2 1
0 0 0 0 0 0 0 0 0 0
0 0 0 0 0 0 0 0 0 3
0 0 0 0 0 2 0 0 0 0
0 4 0 0 0 0 0 0 0 0
16 0 0 16 0 0 16 0 0 16
0 0 0 0 12 0 0 0 0 0
0 0 0 0 0 0 0 0 0 0
0 0 0 0 0 0 0 0 0 0
0 0 19 0 0 0 0 0 0 0
0 0 0 0 0 0 33 0 0 0
41 0 0 0 0 0 0 0 0 0
0 0 0 0 0 0 0 42 0 0
0 0 0 0 0 43 0 42 0 19
0 0 0 0 0 0 0 42 0 0
0 0 0 0 0 0 0 0 0 0
0 0 0 0 0 0 33 0 0 0
0 0 0 0 12 0 0 0 0 0
0 0 0 0 0 0 0 0 0 0
0 0 0 0 0 0 0 0 0 0
16 0 0 16 0 0 16 0 0 16
0 0 0 0 0 0 0 0 0 0
4 5 4 0 0 48 4 5 0 48
0 0 0 0 0 0 0 0 0 0

4 5 4 3 2 1 4 5 2 1
0 0 0 0 0 0 0 0 0 0
0 0 0 0 0 0 0 0 0 0
0 0 0 0 0 0 0 0 0 0
0 0 0 0 0 0 0 0 0 0
30 0 0 0 0 0 0 0 0 0
16 0 0 16 0 0 16 0 0 16
13 0 0 0 17 17 0 0 0 13
0 0 0 0 17 17 0 0 0 0
0 0 0 0 17 17 0 0 0 0
0 0 0 0 0 0 0 44 0 0
0 0 0 0 0 43 0 0 0 0
0 0 0 0 0 0 0 42 0 0
0 0 0 0 17 17 0 0 0 0
0 0 0 0 17 17 0 0 0 0
13 0 0 0 17 17 0 0 0 13
0 0 0 0 0 0 0 44 0 0
0 0 0 0 0 43 0 0 0 0
0 0 0 0 0 0 0 42 0 0
0 0 0 0 0 0 0 0 0 0
0 0 0 0 0 0 0 0 0 0
16 0 0 16 0 0 16 0 0 16
29 0 0 0 0 0 0 0 0 0
4 0 5 0 48 46 0 6 7 0
0 0 0 7 0 0 0 0 0 0

3 0 0 0 0 0 0 0 0 1
0 0 0 0 0 0 0 0 0 0
0 0 0 0 0 0 0 0 0 0
0 0 0 0 0 0 0 0 0 0
0 0 0 0 0 0 0 0 0 0
30 0 0 0 0 0 0 0 0 0
16 0 0 16 0 0 16 0 0 16
33 0 11 0 0 17 0 0 0 33
0 0 33 0 0 0 0 0 0 0
0 0 0 0 26 26 0 0 0 0
52 0 0 0 26 26 0 19 0 0
0 0 0 0 26 26 0 19 0 0
0 0 0 0 0 50 0 0 19 33
0 19 0 0 26 26 0 19 0 0
0 0 0 0 26 26 0 19 0 0
0 0 0 0 26 26 0 19 0 0
19 0 0 0 26 26 0 19 0 0
0 0 0 0 33 51 0 0 33 51
33 0 0 0 26 26 0 19 0 0
0 0 0 0 0 0 0 0 0 33
0 33 0 17 0 0 0 0 0 12
16 0 0 16 0 0 16 0 0 16
0 0 0 0 0 0 0 0 0 0
29 0 0 0 0 0 0 0 0 0
0 0 0 0 0 0 0 0 0 7

2 0 0 0 0 0 0 0 0 1
0 0 0 0 0 0 0 0 0 0
0 0 0 0 0 0 0 4 0 0
0 0 0 0 4 0 0 0 0 5
0 0 0 0 0 0 0 0 0 0
0 0 0 0 0 0 0 0 0 0
16 0 0 16 0 0 16 0 0 16
11 0 0 0 0 0 0 18 0 0
0 0 0 0 0 18 0 0 0 0
0 0 0 0 0 0 0 0 0 12
50 0 0 52 0 0 50 0 0 0
0 0 0 0 0 0 0 0 0 0
0 0 0 0 0 0 0 0 0 0
0 0 0 0 0 0 0 0 0 0
0 0 0 0 0 0 0 0 0 0
0 0 0 0 0 0 0 0 0 0
0 0 0 0 0 0 0 0 0 0
0 0 0 0 0 0 0 0 0 0
51 0 0 0 0 0 0 0 0 50
0 0 0 0 0 0 0 0 0 18
0 0 13 0 0 0 11 0 0 12
16 0 0 16 0 0 16 0 0 16
0 0 0 0 0 0 0 0 0 0
0 0 0 0 0 46 0 0 0 0
47 0 0 0 0 0 0 0 0 0

4 5 4 3 2 1 4 5 2 1
0 0 0 0 0 0 0 0 0 0
0 0 0 0 0 0 0 0 0 0
0 0 0 0 0 0 0 0 0 0
0 0 0 0 0 0 0 0 0 0
30 0 0 0 0 0 0 0 0 0
16 0 0 16 0 0 16 0 0 16
12 0 0 0 0 0 0 0 0 0
0 0 0 0 0 0 0 0 0 0
0 0 0 0 0 0 0 0 0 0
0 0 0 0 0 0 0 0 0 0
0 0 0 0 0 0 33 0 0 0
0 0 0 0 0 0 0 0 0 0
0 0 0 0 0 0 0 42 0 0
0 0 0 0 0 43 0 0 0 0
0 0 0 0 0 0 0 42 0 0
0 0 0 0 0 0 0 0 0 0
0 0 0 0 0 0 33 0 0 0
0 0 0 0 0 0 0 0 0 12
0 0 0 0 0 0 0 0 0 0
0 0 0 0 0 0 0 0 0 0
16 0 0 16 0 0 16 0 0 16
29 0 0 0 0 0 0 0 0 0
4 5 4 0 0 46 4 5 0 46
0 0 0 0 0 0 0 0 0 0

0 0 0 0 0 0 0 0 0 0
0 0 0 0 4 0 0 0 0 5
0 0 0 0 0 0 0 0 0 0
4 0 2 0 0 0 0 4 0 0
1 0 0 2 0 0 0 0 0 1
2 0 0 0 0 0 0 0 0 1
16 0 0 16 0 0 16 0 0 16
13 0 0 0 0 0 17 0 0 0
0 0 0 0 0 0 19 0 0 0
0 0 0 0 0 0 19 0 0 23
42 0 0 0 0 0 0 0 0 42
0 0 0 0 0 0 0 0 0 42
0 0 0 0 0 0 0 0 0 26
0 0 19 0 0 0 19 0 0 26
0 0 19 0 33 0 35 0 0 26
0 0 19 0 0 0 19 0 0 26
0 0 0 0 0 0 0 0 0 26
0 0 0 0 0 0 0 0 0 26
0 0 0 0 0 0 0 0 0 26
26 19 0 0 19 23 19 0 19 26
26 19 0 19 0 19 0 19 19 26
16 0 0 16 0 0 16 0 0 16
0 0 0 0 0 0 0 0 0 0
0 0 0 0 0 46 0 0 0 0
47 0 0 0 0 0 0 0 0 0

2 0 0 0 0 0 0 0 0 1
0 0 0 0 0 0 0 0 0 0
4 0 2 0 0 0 0 4 0 0
0 0 0 0 4 0 0 0 0 5
0 0 0 0 0 0 0 0 0 0
1 0 0 2 0 0 0 0 0 1
16 0 0 16 0 0 16 0 0 16
0 0 0 0 0 0 0 0 0 0
18 0 0 0 18 0 0 0 0 18
23 0 0 0 0 0 0 0 0 0
0 50 0 50 0 51 0 50 0 51
0 0 0 0 0 0 0 0 0 0
0 0 0 0 0 0 0 0 0 0
0 0 0 0 0 0 0 0 0 0
0 0 0 0 0 0 0 0 0 0
0 0 0 0 0 0 0 0 0 0
0 0 0 0 0 0 0 0 0 0
0 0 0 0 0 0 0 0 0 0
0 0 0 52 0 0 0 0 0 0
0 0 0 0 0 0 0 0 0 23
18 0 0 0 0 0 0 0 0 0
16 0 0 16 0 0 16 0 0 16
0 0 0 0 0 0 0 0 0 0
0 0 0 0 0 46 0 0 0 0
0 0 0 0 0 0 0 0 0 0

0 0 0 0 0 0 0 0 0 0
0 4 0 0 0 5 0 0 0 0
0 0 0 0 4 0 0 0 0 5
2 0 0 0 0 0 5 0 0 1
4 0 2 0 0 0 0 4 0 0
1 0 0 2 0 0 0 0 0 1
16 0 0 16 0 0 16 0 0 16
0 0 0 0 0 0 0 0 0 0
0 0 0 0 0 0 0 0 0 0
0 0 0 0 0 0 0 0 0 0
51 0 0 52 0 0 0 0 0 50
0 0 33 0 0 0 42 0 0 0
0 0 0 0 0 0 0 0 0 0
0 0 0 0 0 0 0 0 0 0
0 0 0 0 0 0 0 0 0 0
0 0 0 0 0 0 0 0 0 0
0 0 0 0 0 0 0 0 0 0
0 0 33 0 0 0 42 0 0 0
0 19 0 0 0 35 0 0 0 18
0 0 0 0 0 0 0 0 0 18
0 0 0 0 0 0 19 0 0 18
16 0 0 16 0 0 16 0 0 16
0 0 0 0 0 0 0 0 0 0
0 0 0 0 0 46 0 0 0 0
47 0 0 0 0 0 0 0 0 0

0 0 0 0 0 0 0 0 0 0
0 4 0 0 0 5 0 0 0 0
0 0 0 0 4 0 0 0 0 5
2 0 0 0 0 0 5 0 0 1
4 0 2 0 0 0 0 4 0 0
1 0 0 2 0 0 0 0 0 1
16 0 0 16 0 0 16 0 0 16
0 0 0 0 0 0 43 0 0 0
0 0 0 0 0 0 0 0 0 0
0 0 33 0 0 0 0 0 0 0
0 0 0 0 0 0 42 0 0 0
0 0 0 0 0 0 44 0 0 0
0 0 0 0 0 0 0 0 0 0
0 0 0 0 0 0 43 0 0 0
0 0 0 0 0 0 42 0 0 0
0 0 0 0 0 0 0 0 0 0
0 0 0 0 0 0 0 0 0 0
0 0 0 33 0 0 0 0 0 0
0 0 0 0 0 0 17 0 0 0
0 0 0 0 0 0 0 0 0 0
0 0 0 0 0 0 0 0 0 0
16 0 0 16 0 0 16 0 0 16
0 0 0 0 0 0 0 0 0 0
0 0 0 0 0 46 0 0 0 0
47 0 0 0 0 0 0 0 0 0

0 0 0 0 0 0 0 0 0 0
0 4 0 0 0 5 0 0 0 0
0 0 0 0 4 0 0 0 0 5
2 0 0 0 0 0 5 0 0 1
4 0 2 0 0 0 0 4 0 0
1 0 0 2 0 0 0 0 0 1
16 0 0 16 0 0 16 0 0 16
13 0 0 0 0 0 17 17 17 0
0 0 0 33 0 0 17 17 17 0
0 0 0 50 0 0 19 19 19 0
0 0 0 0 0 0 19 19 19 0
0 0 0 0 0 0 19 19 19 0
0 0 0 0 0 0 19 19 19 0
0 0 0 0 0 0 19 19 19 0
0 0 0 33 0 0 19 17 19 0
0 0 0 0 0 0 19 19 19 0
0 0 0 0 0 0 19 19 19 0
41 0 0 42 0 42 19 19 19 41
0 0 0 0 33 0 19 19 19 0
18 0 0 0 0 0 0 0 0 18
13 0 0 0 0 0 0 0 0 0
16 0 0 16 0 0 16 0 0 16
0 0 0 0 0 0 0 0 0 0
0 0 0 0 0 46 0 0 0 0
47 0 0 0 0 0 0 0 0 0

2 0 0 0 0 0 0 0 0 1
0 0 0 0 0 0 0 0 0 0
0 0 0 0 0 0 0 4 0 0
0 0 0 0 4 0 0 0 0 5
0 0 0 0 0 0 0 0 0 0
0 0 0 0 0 0 0 0 0 0
16 0 0 16 0 0 16 0 0 16
11 0 0 0 0 0 0 18 0 0
0 0 0 0 0 18 0 0 0 0
0 0 0 0 0 0 0 0 0 12
50 0 0 52 0 0 50 0 0 0
0 0 0 0 0 0 0 0 0 0
0 0 0 0 0 0 0 0 0 0
0 0 0 0 0 0 0 0 0 0
0 0 0 0 0 0 0 0 0 0
0 0 0 0 0 0 0 0 0 0
0 0 0 0 0 0 0 0 0 0
0 0 0 0 0 0 0 0 0 0
51 0 0 0 0 0 0 0 0 50
0 0 0 0 0 0 0 0 0 18
0 0 13 0 0 0 11 0 0 12
16 0 0 16 0 0 16 0 0 16
0 0 0 0 0 0 0 0 0 0
0 0 0 0 0 46 0 0 0 0
47 0 0 0 0 0 0 0 0 0

0 0 0 0 0 0 0 0 0 0
0 0 0 0 4 0 0 0 0 5
0 0 0 0 0 0 0 0 0 0
4 0 2 0 0 0 0 4 0 0
1 0 0 2 0 0 0 0 0 1
2 0 0 0 0 0 0 0 0 1
16 0 0 16 0 0 16 0 0 16
0 0 0 0 0 0 0 0 0 0
23 0 0 0 0 0 0 0 0 0
0 50 0 0 0 0 0 0 0 52
0 0 0 0 0 0 33 0 0 0
0 0 0 0 0 0 33 0 0 0
0 0 0 0 0 0 0 0 0 0
0 0 0 0 0 0 33 0 0 0
0 0 0 0 0 0 33 0 0 0
0 0 0 0 0 0 0 0 0 0
0 0 0 0 0 0 0 0 0 0
0 0 0 0 0 0 0 0 0 0
0 0 0 0 0 0 0 0 0 0
19 0 0 0 0 0 0 0 0 23
19 0 0 0 0 0 0 0 0 0
16 0 0 16 0 0 16 0 0 16
0 0 0 0 0 0 0 0 0 0
0 0 0 0 0 46 0 0 0 0
47 0 0 0 0 0 0 0 0 0

4 5 4 3 0 1 7 0 0 1
0 0 0 0 0 0 0 0 0 0
0 0 0 0 0 0 0 0 0 0
0 0 0 0 0 0 0 0 0 50
0 0 0 0 0 0 0 0 0 0
30 0 0 0 0 0 0 0 0 0
16 0 0 16 0 0 16 0 0 16
0 0 13 12 0 0 0 19 19 19
0 0 0 0 35 0 0 19 19 19
0 0 0 0 0 0 0 19 19 19
0 0 0 0 0 0 0 44 0 0
0 0 0 0 0 43 0 0 0 0
0 0 0 0 0 0 0 42 0 0
0 0 0 0 0 0 0 19 19 19
0 0 0 0 35 0 0 19 19 19
0 0 0 0 0 0 0 19 19 19
0 0 0 0 0 0 0 44 0 0
0 0 0 0 0 43 0 0 0 0
0 0 0 0 0 0 0 42 0 12
0 0 0 0 18 0 0 0 0 0
0 0 0 18 0 33 0 0 0 0
16 0 0 16 0 0 16 0 0 16
29 0 0 0 0 50 0 0 0 0
0 0 0 0 0 0 0 0 0 0
4 51 4 0 0 46 4 5 47 46

4 5 4 3 0 1 7 0 0 1
0 0 0 0 0 0 0 0 0 0
0 0 0 0 0 0 0 0 0 0
0 0 0 0 0 0 0 0 0 50
0 0 0 0 0 0 0 0 0 0
30 0 0 0 0 0 0 0 0 0
16 0 0 16 0 0 16 0 0 16
0 0 13 12 0 0 0 19 19 19
0 0 0 0 35 0 0 19 19 19
0 0 0 0 0 0 0 19 19 19
0 0 0 0 0 0 0 44 0 0
0 0 0 0 0 43 0 0 0 0
0 0 0 0 0 0 0 42 0 0
0 0 0 0 0 0 0 19 19 19
0 0 0 0 35 0 0 19 19 19
0 0 0 0 0 0 0 19 19 19
0 0 0 0 0 0 0 44 0 0
0 0 0 0 0 43 0 0 0 0
0 0 0 0 0 0 0 42 0 12
0 0 0 0 18 0 0 0 0 0
0 0 0 18 0 33 0 0 0 0
16 0 0 16 0 0 16 0 0 16
29 0 0 0 0 50 0 0 0 0
0 0 0 0 0 0 0 0 0 0
4 51 4 0 0 46 4 5 47 46

0 0 0 0 0 0 0 0 0 0
0 0 0 0 4 0 0 0 0 5
0 0 0 0 0 0 0 0 0 0
4 0 2 0 0 0 0 4 0 0
1 0 0 2 0 0 0 0 0 7
0 0 0 0 0 0 0 0 0 0
16 0 0 16 0 0 16 0 0 16
0 0 13 0 0 0 0 0 0 18
0 0 0 0 0 0 0 0 0 0
0 0 0 0 0 0 23 0 0 0
50 0 0 0 0 0 0 0 0 50
0 0 0 0 0 0 44 0 0 0
0 0 0 0 0 0 0 0 0 0
0 0 0 0 0 0 43 0 0 0
0 0 0 0 0 0 42 0 0 0
0 0 0 0 0 0 0 0 0 0
0 0 0 0 0 0 44 0 0 0
0 0 0 0 0 0 44 0 0 0
0 0 0 0 0 0 0 0 0 0
0 0 52 0 0 23 0 0 0 0
0 0 13 0 0 0 0 0 0 0
16 0 0 16 0 0 16 0 0 16
0 0 0 0 0 0 0 0 0 0
0 0 0 0 0 5 0 0 0 5
4 0 0 0 0 0 0 0 0 0

0 0 0 0 0 0 0 0 0 0
0 4 0 0 0 5 0 0 0 0
0 0 0 0 4 0 0 0 0 5
2 0 0 0 0 0 5 0 0 1
4 0 2 0 0 0 0 4 0 0
1 0 0 2 0 0 0 0 0 1
16 0 0 16 0 0 16 0 0 16
13 0 0 0 0 0 17 17 17 0
0 0 0 33 0 0 17 17 17 0
0 0 0 50 0 0 19 19 19 0
0 0 0 0 0 0 19 19 19 0
0 0 0 0 0 0 19 19 19 0
0 0 0 0 0 0 19 19 19 0
0 0 0 0 0 0 19 19 19 0
0 0 0 33 0 0 19 17 19 0
0 0 0 0 0 0 19 19 19 0
0 0 0 0 0 0 19 19 19 0
41 0 0 42 0 42 19 19 19 41
0 0 0 0 33 0 19 19 19 0
18 0 0 0 0 0 0 0 0 18
13 0 0 0 0 0 0 0 0 0
16 0 0 16 0 0 16 0 0 16
0 0 0 0 0 0 0 0 0 0
0 0 0 0 0 46 0 0 0 0
47 0 0 0 0 0 0 0 0 0

4 5 4 3 2 1 4 5 2 1
0 0 0 0 0 0 0 0 0 0
0 0 0 0 0 0 0 0 0 0
0 0 0 0 0 0 0 0 0 0
0 0 0 0 0 0 0 0 0 0
30 0 0 0 0 0 0 0 0 0
16 0 0 16 0 0 16 0 0 16
12 0 0 0 0 0 0 0 0 0
0 0 0 0 0 0 0 0 0 0
0 0 0 0 0 0 0 0 0 0
0 0 0 0 0 0 0 0 0 0
0 0 0 0 0 0 33 0 0 0
0 0 0 0 0 0 0 0 0 0
0 0 0 0 0 0 0 42 0 0
0 0 0 0 0 43 0 0 0 0
0 0 0 0 0 0 0 42 0 0
0 0 0 0 0 0 0 0 0 0
0 0 0 0 0 0 33 0 0 0
0 0 0 0 0 0 0 0 0 12
0 0 0 0 0 0 0 0 0 0
0 0 0 0 0 0 0 0 0 0
16 0 0 16 0 0 16 0 0 16
29 0 0 0 0 0 0 0 0 0
4 5 4 0 0 46 4 5 0 46
0 0 0 0 0 0 0 0 0 0

7 5 0 2 3 7 0 0 0 7
0 0 0 0 0 0 0 0 0 0
0 0 0 0 0 0 0 0 0 0
0 0 0 0 0 0 0 0 0 0
0 0 0 0 0 0 0 0 0 0
30 0 0 0 0 0 0 0 0 0
16 0 0 16 0 0 16 0 0 16
0 0 0 0 0 0 0 17 17 17
0 0 0 0 35 0 0 17 17 17
0 0 0 0 0 0 0 17 17 17
0 0 0 0 0 0 0 44 0 0
0 0 0 0 0 43 0 0 0 0
0 0 0 0 0 0 0 42 0 0
0 0 0 0 0 0 0 17 17 17
0 0 0 0 35 0 0 17 17 17
0 0 0 0 0 0 0 17 17 17
0 0 0 0 0 0 0 44 0 0
0 0 0 0 0 43 0 0 0 0
0 0 0 0 0 0 0 42 0 0
0 0 0 0 0 0 0 0 0 0
0 0 0 0 0 0 0 0 0 0
16 0 0 16 0 0 16 0 0 16
29 0 0 0 0 0 0 0 0 0
0 0 0 0 0 0 0 0 0 0
4 5 4 42 0 47 4 5 0 47

0 0 0 0 0 0 0 0 0 0
0 0 0 0 0 0 0 0 0 0
0 0 0 0 0 0 0 0 0 0
0 0 0 0 0 0 0 0 0 0
0 0 0 0 0 0 0 0 0 0
30 0 0 0 0 0 0 0 0 0
16 0 0 16 0 0 16 0 0 16
0 0 0 0 0 0 0 0 0 0
0 0 0 0 0 0 0 0 0 18
0 0 0 0 0 0 0 0 0 0
0 0 0 0 0 0 0 0 0 0
0 0 33 0 0 0 42 0 0 0
0 0 0 0 0 0 0 0 0 0
0 0 0 0 0 0 0 0 0 42
0 0 0 0 0 0 0 0 0 42
0 0 0 0 0 0 0 0 0 0
0 0 0 0 0 0 0 0 0 0
0 0 33 0 0 0 42 0 0 0
23 0 0 0 0 0 0 0 0 23
0 0 0 0 0 0 0 0 0 18
0 0 0 0 0 0 0 0 0 0
16 0 0 16 0 0 16 0 0 16
29 0 0 0 0 0 0 0 0 0
0 0 0 0 0 0 0 0 0 0
0 0 0 0 0 0 0 0 0 0

4 5 4 3 2 1 4 5 2 1
4 5 4 3 2 1 4 5 2 1
0 0 0 0 0 0 0 0 0 0
4 5 4 3 2 1 4 5 2 1
4 5 4 3 2 1 4 5 2 1
0 0 0 0 0 0 0 0 0 0
16 0 0 16 0 0 16 0 0 16
14 0 0 0 11 0 18 11 19 0
0 0 0 0 33 0 0 0 0 0
0 0 0 0 0 0 0 0 0 0
0 0 0 0 0 0 0 0 0 42
0 0 0 0 0 0 33 0 0 0
42 0 0 0 0 0 42 0 42 0
0 0 0 0 0 0 0 42 0 0
0 0 0 0 0 43 0 0 0 0
0 0 0 0 0 0 0 42 0 0
0 0 0 0 0 0 0 0 0 0
0 0 0 0 0 0 33 0 0 0
0 0 0 0 0 0 0 0 0 0
0 0 0 0 0 0 0 0 0 0
50 0 0 0 0 0 0 0 0 14
16 0 0 16 0 0 16 0 0 16
0 0 0 0 0 18 0 0 0 33
4 5 4 50 0 50 4 5 0 44
4 5 4 0 51 0 4 5 0 43

1 0 0 2 0 0 0 0 0 1
2 0 0 0 0 0 5 0 0 1
4 0 2 0 0 0 0 4 0 0
0 4 0 0 0 5 0 0 0 0
0 0 0 0 4 0 0 0 0 5
0 0 0 0 0 0 0 0 0 0
16 0 0 16 0 0 16 0 0 16
17 0 0 0 0 0 17 13 0 11
0 0 0 0 0 0 0 0 0 0
0 0 33 0 0 0 23 0 0 0
51 0 0 0 0 0 50 0 0 0
18 0 0 0 0 0 44 0 0 0
0 0 0 33 0 0 0 18 0 0
0 0 0 0 0 0 43 18 0 0
0 0 0 0 0 0 42 0 0 0
18 0 0 0 0 0 0 0 0 0
0 0 0 0 0 0 0 0 0 0
0 0 0 33 0 0 0 0 0 0
0 0 0 0 0 0 17 0 0 19
0 52 0 0 50 0 0 50 0 23
12 0 0 0 0 0 0 0 0 18
16 0 0 16 0 0 16 0 0 16
0 0 0 0 0 0 0 0 0 0
0 0 0 0 0 46 0 0 0 0
47 0 0 0 0 0 0 0 0 48

0 0 0 0 0 0 0 0 0 0
0 4 0 0 0 5 0 0 0 0
0 0 0 0 4 0 0 0 0 5
2 0 0 0 0 0 5 0 0 1
4 0 2 0 0 0 0 4 0 0
1 0 0 2 0 0 0 0 0 1
16 0 0 16 0 0 16 0 0 16
0 0 0 0 0 0 0 0 0 0
0 0 0 0 0 0 0 0 0 0
0 0 0 0 0 0 0 0 0 0
51 0 0 52 0 0 0 0 0 50
0 0 33 0 0 0 42 0 0 0
0 0 0 0 0 0 0 0 0 0
0 0 0 0 0 0 0 0 0 0
0 0 0 0 0 0 0 0 0 0
0 0 0 0 0 0 0 0 0 0
0 0 0 0 0 0 0 0 0 0
0 0 33 0 0 0 42 0 0 0
0 19 0 0 0 35 0 0 0 18
0 0 0 0 0 0 0 0 0 18
0 0 0 0 0 0 19 0 0 18
16 0 0 16 0 0 16 0 0 16
0 0 0 0 0 0 0 0 0 0
0 0 0 0 0 46 0 0 0 0
47 0 0 0 0 0 0 0 0 0

2 0 0 0 0 0 0 0 0 1
0 0 0 0 0 0 0 0 0 0
0 0 0 0 0 0 0 4 0 0
0 0 0 0 4 0 0 0 0 5
0 0 0 0 0 0 0 0 0 0
0 0 0 0 0 0 0 0 0 0
16 0 0 16 0 0 16 0 0 16
11 0 0 0 0 0 0 18 0 0
0 0 0 0 0 18 0 0 0 0
0 0 0 0 0 0 0 0 0 12
50 0 0 52 0 0 50 0 0 0
0 0 0 0 0 0 0 0 0 0
0 0 0 0 0 0 0 0 0 0
0 0 0 0 0 0 0 0 0 0
0 0 0 0 0 0 0 0 0 0
0 0 0 0 0 0 0 0 0 0
0 0 0 0 0 0 0 0 0 0
0 0 0 0 0 0 0 0 0 0
51 0 0 0 0 0 0 0 0 50
0 0 0 0 0 0 0 0 0 18
0 0 13 0 0 0 11 0 0 12
16 0 0 16 0 0 16 0 0 16
0 0 0 0 0 0 0 0 0 0
0 0 0 0 0 46 0 0 0 0
47 0 0 0 0 0 0 0 0 0

0 0 0 0 0 0 0 0 0 0
0 0 0 0 4 0 0 0 0 5
0 0 0 0 0 0 0 0 0 0
4 0 2 0 0 0 0 4 0 0
1 0 0 2 0 0 0 0 0 7
0 0 0 0 0 0 0 0 0 0
16 0 0 16 0 0 16 0 0 16
0 0 13 0 0 0 0 0 0 18
0 0 0 0 0 0 0 0 0 0
0 0 0 0 0 0 23 0 0 0
50 0 0 0 0 0 0 0 0 50
0 0 0 0 0 0 44 0 0 0
0 0 0 0 0 0 0 0 0 0
0 0 0 0 0 0 43 0 0 0
0 0 0 0 0 0 42 0 0 0
0 0 0 0 0 0 0 0 0 0
0 0 0 0 0 0 44 0 0 0
0 0 0 0 0 0 44 0 0 0
0 0 0 0 0 0 0 0 0 0
0 0 52 0 0 23 0 0 0 0
0 0 13 0 0 0 0 0 0 0
16 0 0 16 0 0 16 0 0 16
0 0 0 0 0 0 0 0 0 0
0 0 0 0 0 5 0 0 0 5
4 0 0 0 0 0 0 0 0 0

2 0 0 0 0 0 0 0 0 1
0 0 0 0 0 0 0 0 0 0
0 0 0 0 0 0 0 4 0 0
0 0 0 0 4 0 0 0 0 5
0 0 0 0 0 0 0 0 0 0
0 0 0 0 0 0 0 0 0 0
16 0 0 16 0 0 16 0 0 16
11 0 0 0 0 0 0 18 0 0
0 0 0 0 0 18 0 0 0 0
0 0 0 0 0 0 0 0 0 12
50 0 0 52 0 0 50 0 0 0
0 0 0 0 0 0 0 0 0 0
0 0 0 0 0 0 0 0 0 0
0 0 0 0 0 0 0 0 0 0
0 0 0 0 0 0 0 0 0 0
0 0 0 0 0 0 0 0 0 0
0 0 0 0 0 0 0 0 0 0
0 0 0 0 0 0 0 0 0 0
51 0 0 0 0 0 0 0 0 50
0 0 0 0 0 0 0 0 0 18
0 0 13 0 0 0 11 0 0 12
16 0 0 16 0 0 16 0 0 16
0 0 0 0 0 0 0 0 0 0
0 0 0 0 0 46 0 0 0 0
47 0 0 0 0 0 0 0 0 0

2 0 0 0 0 0 0 0 0 1
0 0 0 0 0 0 0 0 0 0
0 0 0 0 0 0 0 4 0 0
0 0 0 0 4 0 0 0 0 5
0 0 0 0 0 0 0 0 0 0
0 0 0 0 0 0 0 0 0 0
16 0 0 16 0 0 16 0 0 16
11 0 0 0 0 0 0 18 0 0
0 0 0 0 0 18 0 0 0 0
0 0 0 0 0 0 0 0 0 12
50 0 0 52 0 0 50 0 0 0
0 0 0 0 0 0 0 0 0 0
0 0 0 0 0 0 0 0 0 0
0 0 0 0 0 0 0 0 0 0
0 0 0 0 0 0 0 0 0 0
0 0 0 0 0 0 0 0 0 0
0 0 0 0 0 0 0 0 0 0
0 0 0 0 0 0 0 0 0 0
51 0 0 0 0 0 0 0 0 50
0 0 0 0 0 0 0 0 0 18
0 0 13 0 0 0 11 0 0 12
16 0 0 16 0 0 16 0 0 16
0 0 0 0 0 0 0 0 0 0
0 0 0 0 0 46 0 0 0 0
47 0 0 0 0 0 0 0 0 0

0 0 0 0 0 0 0 0 0 0
0 0 0 0 0 0 0 0 0 0
0 0 0 0 0 0 0 0 0 0
0 0 0 0 0 0 0 0 0 0
0 0 0 0 0 0 0 0 0 0
30 0 0 0 0 0 0 0 0 0
16 0 0 16 0 0 16 0 0 16
0 11 0 0 11 0 0 11 0 18
0 0 0 0 0 0 0 0 0 0
23 0 0 0 0 0 0 0 0 23
0 0 0 0 0 0 0 0 0 52
0 0 0 0 0 0 0 0 0 0
0 0 33 0 0 0 42 0 0 0
0 0 0 0 0 0 0 0 0 0
0 0 0 0 0 0 0 0 0 0
0 0 0 0 0 0 0 0 0 0
0 0 0 0 0 0 0 0 0 0
0 0 0 0 0 0 0 0 0 0
0 0 33 0 0 0 42 0 0 0
23 0 0 0 0 0 0 0 0 23
0 0 0 0 0 0 0 0 0 0
16 18 0 16 0 0 16 0 0 16
29 0 0 0 0 0 0 0 0 0
0 0 0 0 0 0 0 0 0 0
0 0 0 0 0 0 0 0 0 0

0 0 0 0 0 0 0 0 0 0
4 5 4 3 2 1 4 5 2 1
0 0 0 0 0 0 0 0 0 0
0 0 0 0 0 0 0 0 0 3
0 0 0 0 0 2 0 0 0 0
0 4 0 0 0 0 0 0 0 0
0 0 0 0 0 0 0 0 0 0
16 0 16 0 16 0 16 0 16 0
12 0 0 0 0 0 0 42 0 12
0 0 0 0 0 43 0 0 0 0
0 0 0 0 0 0 0 42 0 0
0 0 0 0 0 0 0 17 0 0
0 0 0 0 33 0 0 17 0 0
0 0 0 0 0 0 0 17 0 0
0 0 0 0 0 0 0 42 0 0
0 0 0 0 0 43 0 0 0 0
0 0 0 0 0 0 0 42 0 0
0 0 0 0 0 0 0 17 0 0
0 0 0 0 0 0 0 17 0 0
18 0 0 0 33 0 0 17 0 0
12 0 0 0 0 0 0 17 0 12
16 0 16 0 16 0 16 0 16 0
0 0 0 0 0 0 0 0 0 0
0 0 0 0 0 0 0 0 0 0
48 0 0 0 0 0 0 0 0 47

0 0 0 0 0 0 0 0 0 0
0 0 0 0 0 0 0 0 0 0
0 0 0 0 0 0 0 0 0 0
0 0 0 0 0 0 0 0 0 0
0 0 0 0 0 0 0 0 0 0
30 0 0 0 0 0 0 0 0 0
16 0 0 16 0 0 16 0 0 16
0 0 0 0 0 0 0 0 0 0
0 0 0 0 0 0 0 0 0 18
0 0 0 0 0 0 0 0 0 0
0 0 0 0 0 0 0 0 0 0
0 0 33 0 0 0 42 0 0 0
0 0 0 0 0 0 0 0 0 0
0 0 0 0 0 0 0 0 0 42
0 0 0 0 0 0 0 0 0 42
0 0 0 0 0 0 0 0 0 0
0 0 0 0 0 0 0 0 0 0
0 0 33 0 0 0 42 0 0 0
23 0 0 0 0 0 0 0 0 23
0 0 0 0 0 0 0 0 0 18
0 0 0 0 0 0 0 0 0 0
16 0 0 16 0 0 16 0 0 16
29 0 0 0 0 0 0 0 0 0
0 0 0 0 0 0 0 0 0 0
0 0 0 0 0 0 0 0 0 0

2 0 0 0 0 0 0 0 0 1
0 0 0 0 0 0 0 0 0 0
5 0 2 0 0 0 0 4 0 0
0 0 0 0 4 0 0 0 0 5
0 0 0 0 0 0 0 0 0 0
0 0 0 0 0 0 0 0 0 1
16 0 0 16 0 0 16 0 0 16
0 0 13 0 0 0 0 0 0 0
0 0 0 0 0 0 0 0 0 0
0 0 0 0 0 0 0 0 0 0
0 0 0 0 0 0 0 0 0 0
0 0 0 0 0 0 0 0 0 0
0 0 0 0 0 0 0 0 0 0
0 0 0 0 0 0 35 0 0 0
0 0 0 0 0 0 0 0 0 0
0 0 0 0 0 0 0 0 0 0
0 0 0 0 0 0 0 0 0 0
0 0 0 0 0 0 0 0 0 0
0 0 0 0 0 0 0 0 0 52
0 0 0 0 0 0 0 0 0 0
0 0 13 0 0 0 0 0 0 0
16 0 0 16 0 0 16 0 0 16
0 0 0 0 0 0 0 0 0 0
0 0 0 0 0 46 0 0 0 0
47 0 0 0 0 0 0 0 0 0

2 0 0 0 0 0 0 0 0 1
0 0 0 0 0 0 0 0 0 0
0 0 0 0 0 0 0 4 0 0
0 0 0 0 4 0 0 0 0 5
0 0 0 0 0 0 0 0 0 0
0 0 0 0 0 0 0 0 0 0
16 0 0 16 0 0 16 0 0 16
11 0 0 0 0 0 0 18 0 0
0 0 0 0 0 18 0 0 0 0
0 0 0 0 0 0 0 0 0 12
50 0 0 52 0 0 50 0 0 0
0 0 0 0 0 0 0 0 0 0
0 0 0 0 0 0 0 0 0 0
0 0 0 0 0 0 0 0 0 0
0 0 0 0 0 0 0 0 0 0
0 0 0 0 0 0 0 0 0 0
0 0 0 0 0 0 0 0 0 0
0 0 0 0 0 0 0 0 0 0
51 0 0 0 0 0 0 0 0 50
0 0 0 0 0 0 0 0 0 18
0 0 13 0 0 0 11 0 0 12
16 0 0 16 0 0 16 0 0 16
0 0 0 0 0 0 0 0 0 0
0 0 0 0 0 46 0 0 0 0
47 0 0 0 0 0 0 0 0 0

0 0 0 0 0 0 0 0 0 0
0 0 0 0 0 0 0 0 0 0
0 0 0 0 0 0 0 0 0 0
0 0 0 0 0 0 0 0 0 0
0 0 0 0 0 0 0 0 0 0
30 0 0 0 0 0 0 0 0 0
16 0 0 16 0 0 16 0 0 16
0 11 0 0 11 0 0 11 0 18
0 0 0 0 0 0 0 0 0 0
23 0 0 0 0 0 0 0 0 23
0 0 0 0 0 0 0 0 0 52
0 0 0 0 0 0 0 0 0 0
0 0 33 0 0 0 42 0 0 0
0 0 0 0 0 0 0 0 0 0
0 0 0 0 0 0 0 0 0 0
0 0 0 0 0 0 0 0 0 0
0 0 0 0 0 0 0 0 0 0
0 0 0 0 0 0 0 0 0 0
0 0 33 0 0 0 42 0 0 0
23 0 0 0 0 0 0 0 0 23
0 0 0 0 0 0 0 0 0 0
16 18 0 16 0 0 16 0 0 16
29 0 0 0 0 0 0 0 0 0
0 0 0 0 0 0 0 0 0 0
0 0 0 0 0 0 0 0 0 0

0 0 0 0 0 0 0 0 0 0
0 0 0 0 0 0 0 0 0 0
0 0 0 0 0 0 0 0 0 0
0 0 0 0 0 0 0 0 0 0
0 0 0 0 0 0 0 0 0 0
30 0 0 0 0 0 0 0 0 0
16 0 0 16 0 0 16 0 0 16
0 0 0 0 0 0 0 43 0 0
0 0 0 35 0 0 0 0 44 0
0 0 0 0 0 0 0 44 0 0
0 0 0 0 0 0 0 0 42 0
0 0 0 0 0 0 0 0 0 0
0 0 0 0 0 0 0 0 0 0
0 0 0 0 0 0 0 43 0 0
0 0 0 35 0 0 0 0 44 0
0 0 0 0 0 0 0 44 0 0
0 0 0 0 0 0 0 0 42 0
0 0 0 0 0 0 0 0 0 0
0 0 0 0 0 0 0 0 0 0
0 0 0 0 0 0 0 0 0 0
0 0 0 0 0 0 0 0 0 0
16 0 0 16 0 0 16 0 0 16
29 0 0 0 0 0 0 0 0 0
4 5 4 4 0 6 4 5 0 7
0 0 0 0 0 0 0 0 0 0

0 0 0 0 0 0 0 0 0 0
0 0 0 0 0 0 0 0 0 0
0 0 0 0 0 0 0 0 0 0
0 0 0 0 0 0 0 0 0 0
0 0 0 0 0 0 0 0 0 0
30 0 0 0 0 0 0 0 0 0
16 0 0 16 0 0 16 0 0 16
34 34 34 34 34 34 34 34 34 34
34 34 34 34 34 34 34 34 34 34
34 34 34 34 34 34 34 34 34 34
34 34 34 34 34 34 34 34 34 34
34 34 34 34 34 34 34 34 34 34
34 34 34 34 34 34 34 34 34 34
34 34 34 34 34 34 34 34 34 34
34 34 34 34 34 34 34 34 34 34
34 34 34 34 34 34 34 34 34 34
34 34 34 34 34 34 34 34 34 34
34 34 34 34 34 34 34 34 34 34
34 34 34 34 34 34 34 34 34 34
34 34 34 34 34 34 34 34 34 34
34 34 34 34 34 34 34 34 34 34
16 0 0 16 0 0 16 0 0 16
29 0 0 0 0 0 0 0 0 0
0 0 0 0 0 0 0 0 0 0
0 0 0 0 0 0 0 0 0 0

0 0 0 0 0 0 0 0 0 0
0 0 0 0 0 0 0 0 0 0
0 0 0 0 0 0 0 0 0 0
0 0 0 0 0 0 0 0 0 0
0 0 0 0 0 0 0 0 0 0
30 0 0 0 0 0 0 0 0 0
16 0 0 16 0 0 16 0 0 16
34 34 34 34 34 34 34 34 34 34
34 34 34 34 34 34 34 34 34 34
34 34 34 34 34 34 34 34 34 34
34 34 34 34 34 34 34 34 34 34
34 34 34 34 34 34 34 34 34 34
34 34 34 34 34 34 34 34 34 34
34 34 34 34 34 34 34 34 34 34
34 34 34 34 34 34 34 34 34 34
34 34 34 34 34 34 34 34 34 34
34 34 34 34 34 34 34 34 34 34
34 34 34 34 34 34 34 34 34 34
34 34 34 34 34 34 34 34 34 34
34 34 34 34 34 34 34 34 34 34
34 34 34 34 34 34 34 34 34 34
16 0 0 16 0 0 16 0 0 16
29 0 0 0 0 0 0 0 0 0
0 0 0 0 0 0 0 0 0 0
0 0 0 0 0 0 0 0 0 0

