0

10

25
3
3
3
3
3
3
3
3
3
3
3
3
3
3
3
3
3
3
3
3
3
3
3
3
3

29

1
1
1
1
1
1
1
1
1
1
1
1
1
1
1
1
1
1
1
1
1
1
1
1
1
1
1
1
1

14 0 0 0 0 0 0 0 0 0
0 0 0 0 0 0 0 0 0 1
0 0 0 0 0 0 0 0 0 0
0 0 0 0 0 0 0 0 0 0
0 0 0 0 0 0 0 0 0 0
0 0 0 0 0 0 0 0 0 0
0 0 0 0 0 0 0 0 0 0
32 32 32 32 32 32 32 32 32 32
10 10 10 10 10 10 10 10 10 10
0 0 0 0 0 0 0 0 0 0
0 0 0 0 0 0 0 0 0 0
0 0 0 0 0 0 0 0 0 0
0 0 0 0 0 0 0 0 0 0
0 0 0 0 0 0 0 0 0 0
0 0 0 0 0 0 0 0 0 0
10 10 10 10 10 10 10 10 10 10
31 31 31 31 31 31 31 31 31 31
0 0 0 0 0 0 0 0 0 0
0 0 0 0 0 0 0 0 0 0
0 0 0 0 0 0 0 0 0 0
0 0 0 0 0 0 0 0 0 0
0 0 0 0 0 0 0 0 0 0
0 0 0 0 0 0 0 0 0 2
0 0 0 0 0 0 0 0 0 0
0 0 0 0 0 0 0 0 0 0

0 0 0 0 0 0 0 0 0 0
0 0 0 0 0 0 0 0 0 0
0 0 0 0 0 0 0 0 0 0
0 0 0 0 0 0 0 0 0 0
0 0 0 0 0 0 0 0 0 0
0 0 0 0 0 0 0 0 0 0
0 0 0 0 0 0 0 0 0 0
32 32 32 32 32 32 32 32 32 32
10 10 10 10 10 10 10 10 10 10
0 0 0 0 0 0 0 0 0 0
0 0 0 0 0 0 0 0 0 0
0 0 0 0 0 0 0 0 0 0
0 0 0 0 0 0 0 0 0 0
0 0 0 0 0 0 0 0 0 0
0 0 0 0 0 0 0 0 0 0
10 10 10 10 10 10 10 10 10 10
31 31 31 31 31 31 31 31 31 31
0 0 0 0 0 0 0 0 0 0
0 0 0 0 0 0 0 0 0 0
0 0 0 0 0 0 0 0 0 0
0 0 0 0 0 0 0 0 0 0
0 0 0 0 0 0 0 0 0 0
0 0 0 0 0 0 0 0 0 0
0 0 0 0 0 0 0 0 0 0
0 0 0 0 0 0 0 0 0 0

14 0 0 0 0 0 0 0 0 14
0 0 0 0 0 0 0 0 0 0
0 0 0 0 0 0 16 0 0 0
0 0 0 0 0 0 0 0 0 0
15 0 0 0 0 0 0 0 0 15
0 0 0 0 0 0 0 0 0 0
0 0 0 0 0 14 0 0 0 0
32 32 32 32 32 32 32 32 32 32
10 10 10 10 10 10 10 10 10 10
0 0 0 0 0 0 0 33 0 0
0 0 33 0 0 0 0 17 0 0
0 0 33 0 0 0 0 17 0 0
0 0 33 0 0 0 0 17 0 0
0 0 33 0 0 0 0 17 0 0
0 0 0 0 0 0 0 17 0 0
10 10 10 10 10 10 10 10 10 10
31 31 31 31 31 31 31 31 31 31
0 0 0 15 0 0 0 0 0 0
0 0 0 0 0 0 0 0 0 0
0 14 0 0 0 0 0 14 0 0
0 0 0 0 0 0 0 0 0 0
0 0 0 0 0 0 0 0 0 0
0 0 0 0 0 0 15 0 0 0
0 0 0 14 0 0 0 0 0 0
0 0 0 0 0 0 0 0 0 16

15 0 0 0 0 0 0 0 0 15
0 0 0 0 0 0 0 0 0 0
14 0 0 0 0 0 0 0 0 14
0 0 0 0 0 0 16 0 0 0
0 0 0 0 0 0 0 0 0 0
0 0 0 0 0 0 0 0 0 0
0 0 0 0 0 14 0 0 0 0
32 32 32 32 32 32 32 32 32 32
10 10 10 10 10 10 10 10 10 10
0 0 0 0 0 0 0 17 0 0
0 0 33 0 0 0 0 17 0 0
0 0 33 0 0 0 0 17 0 0
0 0 33 0 0 0 0 17 0 0
0 0 33 0 0 0 0 17 0 0
0 0 0 0 0 0 0 33 0 0
10 10 10 10 10 10 10 10 10 10
31 31 31 31 31 31 31 31 31 31
0 0 0 0 0 0 0 0 0 0
14 0 0 0 0 0 0 0 0 14
0 0 0 0 0 0 0 0 0 0
0 0 0 0 0 0 0 0 0 0
0 0 0 0 0 0 16 0 0 0
0 0 0 0 0 14 0 0 0 0
15 0 0 0 0 0 0 0 0 15
0 0 0 0 0 0 0 0 0 0

14 0 0 0 0 0 0 0 0 14
0 0 0 0 0 0 0 0 0 0
0 0 0 0 0 0 0 0 0 0
0 0 0 0 0 0 16 0 0 0
0 0 0 0 0 14 0 0 0 0
15 0 0 0 0 0 0 0 0 15
0 0 0 0 0 0 0 0 0 0
32 32 32 32 32 32 32 32 32 32
10 10 10 10 10 10 10 10 10 10
0 0 0 0 0 0 0 17 0 0
0 0 33 0 0 0 0 17 0 0
0 0 33 0 0 0 0 33 0 0
0 0 33 0 0 0 0 17 0 0
0 0 33 0 0 0 0 17 0 0
0 0 0 0 0 0 0 17 0 0
10 10 10 10 10 10 10 10 10 10
31 31 31 31 31 31 31 31 31 31
0 0 0 0 0 0 16 0 0 0
14 0 0 0 0 0 0 0 0 14
0 0 0 0 0 14 0 0 0 0
0 0 0 0 0 0 0 0 0 0
0 0 0 0 0 0 0 0 0 0
15 0 0 0 0 0 0 0 0 15
0 0 0 0 0 0 0 0 0 0
0 0 0 0 0 0 0 0 0 0

15 0 0 0 0 0 0 0 0 0
0 0 0 0 0 0 0 0 0 0
0 0 0 0 0 0 0 0 0 0
0 0 0 0 0 0 0 0 0 0
0 0 0 0 0 0 0 0 0 14
0 0 0 0 0 0 0 0 0 0
16 0 0 0 0 0 0 0 0 0
32 32 32 32 32 32 32 32 32 32
10 10 10 10 10 10 10 10 10 10
0 0 0 0 0 0 33 0 0 33
0 0 0 33 0 0 33 0 0 17
0 0 0 33 0 0 17 0 0 17
0 0 0 0 0 0 17 0 0 17
0 0 0 0 0 0 17 0 0 17
0 0 0 0 0 0 17 0 0 17
10 10 10 10 10 10 10 10 10 10
31 31 31 31 31 31 31 31 31 31
15 0 0 0 0 0 0 0 0 0
0 0 0 0 0 0 0 0 0 0
0 0 0 0 0 0 0 0 0 14
0 0 0 0 0 0 0 0 0 0
0 0 0 0 0 0 0 0 0 0
0 0 0 0 0 0 0 0 0 0
0 0 0 0 0 0 0 0 0 0
16 0 0 0 0 0 0 0 0 0

15 0 16 0 15 0 16 0 15 14
0 0 0 0 0 0 0 0 0 0
0 0 0 0 0 0 0 0 0 16
0 0 0 0 0 0 14 0 0 0
0 0 15 0 0 0 0 0 0 0
0 0 0 0 0 0 0 0 0 15
0 0 0 0 0 0 0 0 0 14
32 32 32 32 32 32 32 32 32 32
10 10 10 10 10 10 10 10 10 10
0 0 0 33 0 0 0 0 0 0
0 0 0 33 0 0 0 0 0 0
0 0 0 0 0 33 0 0 0 0
0 0 0 0 0 33 0 0 0 0
0 0 0 0 0 0 0 33 0 0
0 0 0 0 0 0 0 33 0 0
10 10 10 10 10 10 10 10 10 10
31 31 31 31 31 31 31 31 31 31
14 0 0 0 0 0 0 0 0 0
0 0 0 0 0 0 0 0 0 0
0 0 0 0 0 0 0 0 0 0
0 0 0 0 0 0 0 0 0 0
0 0 0 0 0 0 0 0 0 15
0 0 0 15 0 0 0 0 0 16
0 0 0 0 0 14 0 15 0 16
0 0 15 0 0 0 0 0 0 16

0 0 0 16 0 0 0 0 15 0
0 0 0 0 0 14 0 0 0 0
0 0 0 0 0 0 0 0 0 15
0 0 0 0 0 0 0 14 0 15
0 0 0 14 0 0 0 0 15 15
0 0 0 0 0 0 0 16 0 16
0 0 0 16 0 0 0 0 0 14
32 32 32 32 32 32 32 32 32 32
10 10 10 10 10 10 10 10 10 10
17 0 0 0 0 17 0 0 0 0
17 0 0 0 0 17 0 0 0 0
17 0 0 0 0 33 0 0 0 33
17 0 0 0 0 33 0 0 0 33
17 0 0 0 0 17 0 0 0 0
17 0 0 0 0 17 0 0 0 0
10 10 10 10 10 10 10 10 10 10
31 31 31 31 31 31 31 31 31 31
0 0 0 0 0 0 0 0 0 15
0 0 0 0 0 14 14 0 0 14
0 0 0 0 0 0 0 16 0 15
0 0 0 0 0 0 0 0 0 16
0 0 0 16 0 0 18 0 0 0
0 0 0 14 15 0 0 0 0 0
14 0 0 0 16 0 0 0 0 15
0 15 0 0 0 15 14 16 0 15

0 0 0 0 0 0 16 0 0 0
14 0 0 0 0 0 0 0 0 14
0 0 0 0 0 14 0 0 0 0
0 0 0 0 0 0 0 0 0 0
0 0 0 0 0 0 0 0 0 0
15 0 0 0 0 0 0 0 0 15
0 0 0 0 0 0 0 0 0 0
32 32 32 32 32 32 32 32 32 32
10 10 10 10 10 10 10 10 10 10
0 0 0 0 17 0 0 0 0 0
0 0 0 0 17 0 0 0 0 0
0 0 33 0 17 0 33 0 0 0
0 0 33 0 17 0 0 33 33 33
0 0 0 0 17 0 0 0 0 0
0 0 0 0 17 0 0 0 0 0
10 10 10 10 10 10 10 10 10 10
31 31 31 31 31 31 31 31 31 31
16 0 0 0 0 0 0 0 0 16
0 0 0 0 0 0 16 0 0 0
14 0 0 0 0 0 0 0 0 14
0 0 0 0 0 14 0 0 0 0
0 0 0 0 0 0 0 0 0 0
0 0 0 0 0 0 0 0 0 0
15 0 0 0 0 0 0 0 0 15
0 0 0 0 0 0 0 0 0 0

16 15 16 15 16 15 14 15 16 14
14 0 0 0 0 0 0 0 0 14
0 0 0 0 0 14 0 0 0 0
15 16 15 14 16 15 14 15 15 15
0 0 0 0 0 0 0 0 0 0
16 15 16 15 16 15 14 15 16 14
0 0 0 0 0 0 0 0 0 0
32 32 32 32 32 32 32 32 32 32
10 10 10 10 10 10 10 10 10 10
0 0 0 0 17 0 0 0 0 0
0 0 0 0 17 0 0 0 0 0
0 0 0 0 17 0 0 0 0 0
0 0 33 0 17 0 0 0 0 0
0 0 33 0 17 0 0 0 0 0
0 0 33 0 17 0 0 33 33 33
10 10 10 10 10 10 10 10 10 10
31 31 31 31 31 31 31 31 31 31
0 0 0 0 0 0 0 0 0 0
16 15 16 15 16 15 14 15 16 14
14 0 0 0 0 0 0 0 0 14
15 16 15 14 16 15 14 15 15 15
0 0 0 0 0 0 0 0 0 0
16 15 16 15 16 15 14 15 16 14
15 0 0 0 0 0 0 0 0 15
16 15 16 15 16 15 14 15 16 14

15 16 15 14 16 15 14 15 15 15
15 16 15 14 16 15 14 15 15 15
15 16 15 14 16 15 14 15 15 15
0 0 0 0 0 0 0 0 0 0
15 16 15 14 16 15 14 15 15 15
15 16 15 14 16 15 14 15 15 15
14 15 14 15 14 16 16 16 16 16
15 16 15 14 16 15 14 15 15 15
10 10 10 10 10 10 10 10 10 10
0 0 0 0 0 0 0 0 0 0
0 0 0 0 0 0 0 0 0 0
0 0 0 0 0 0 0 0 0 0
0 0 0 0 0 0 0 0 0 0
0 0 0 0 0 0 0 0 0 0
0 0 0 0 0 0 0 0 0 0
10 10 10 10 10 10 10 10 10 10
14 15 14 15 14 16 16 16 16 16
0 0 0 0 0 0 0 0 0 0
0 0 0 0 0 0 0 0 0 0
14 15 14 15 14 16 16 16 16 16
0 0 0 0 0 0 0 0 0 0
0 0 0 0 0 0 0 0 0 0
14 15 14 15 14 16 16 16 16 16
0 0 0 0 0 0 0 0 0 0
0 0 0 0 0 0 0 0 0 0

14 15 16 14 15 16 14 14 15 16
14 15 14 15 14 16 15 16 16 16
0 0 0 0 0 0 0 0 0 0
0 0 0 0 0 0 0 0 0 0
0 0 0 0 0 0 0 0 0 0
0 0 0 0 0 0 0 0 0 0
0 0 0 0 0 0 0 0 0 0
32 32 32 32 32 32 32 32 32 32
10 10 10 10 10 10 10 10 10 10
0 0 33 0 0 17 0 0 0 0
0 0 33 0 0 17 0 0 0 0
0 0 0 0 33 0 0 17 0 0
0 0 0 0 33 0 0 17 0 0
0 0 0 0 0 0 33 0 0 17
0 0 0 0 0 0 33 0 0 17
10 10 10 10 10 10 10 10 10 10
31 31 31 31 31 31 31 31 31 31
16 15 16 15 15 16 14 14 15 14
14 15 16 14 15 16 14 14 15 16
0 0 0 0 0 0 0 0 0 0
14 15 16 14 15 16 14 14 15 16
0 0 0 0 0 0 0 0 0 14
14 15 16 14 15 16 14 14 15 16
14 15 14 15 14 16 15 16 16 16
14 15 16 14 15 16 14 14 15 16

14 15 16 14 15 15 15 15 15 15
0 0 0 0 0 0 0 0 0 0
15 15 15 15 14 15 15 16 14 15
16 16 16 16 16 16 16 16 16 16
14 15 15 15 16 14 15 16 14 15
14 15 15 15 16 14 15 16 14 15
16 0 0 0 0 0 0 14 0 0
32 32 32 32 32 32 32 32 32 32
10 10 10 10 10 10 10 10 10 10
0 0 0 0 0 0 0 0 0 0
0 0 0 0 0 0 0 0 0 0
0 0 0 0 0 0 0 0 0 0
0 0 0 0 0 0 0 0 0 0
0 0 0 0 0 0 0 0 0 0
0 0 0 0 0 0 0 0 0 0
10 10 10 10 10 10 10 10 10 10
31 31 31 31 31 31 31 31 31 31
14 15 14 15 16 14 15 16 14 16
14 16 15 16 16 16 15 16 14 15
14 15 15 15 16 14 15 16 14 15
14 15 15 15 16 15 15 16 14 16
14 15 15 15 16 14 15 16 14 15
14 15 15 15 16 14 15 16 14 14
14 15 15 15 16 14 15 16 14 15
14 15 15 15 16 14 15 16 14 15

16 16 16 15 14 16 15 14 16 14
16 14 15 16 14 15 16 14 15 15
15 15 15 15 14 15 16 14 15 16
14 15 16 14 16 15 14 15 15 15
16 16 16 16 15 15 14 15 15 16
14 15 16 14 15 16 14 15 16 14
14 15 16 14 16 15 14 15 15 15
32 32 32 32 32 32 32 32 32 32
10 10 10 10 10 10 10 10 10 10
0 0 33 0 0 17 0 0 0 33
0 0 33 0 0 17 0 0 0 33
0 0 0 0 0 0 33 0 0 17
0 0 0 0 0 0 33 0 0 17
0 0 0 0 0 0 0 0 0 17
0 0 0 0 0 0 0 0 0 17
10 10 10 10 10 10 10 10 10 10
31 31 31 31 31 31 31 31 31 31
15 15 15 15 14 15 16 14 15 16
16 14 15 15 16 16 16 14 15 14
15 15 15 15 14 15 16 14 15 16
15 15 15 15 14 15 16 14 15 16
15 15 15 15 14 15 16 14 15 16
15 15 15 15 14 15 16 14 15 16
15 15 15 15 14 15 16 14 15 16
15 15 15 15 14 15 16 14 15 16

15 15 15 15 14 15 16 14 15 16
0 0 0 0 0 0 0 0 0 0
0 0 0 0 0 0 0 0 0 0
0 0 1 0 0 0 0 0 0 0
0 0 0 0 0 0 0 0 0 0
0 0 0 0 0 0 0 0 0 0
0 0 0 0 0 0 0 0 0 14
32 32 0 32 32 32 32 32 32 32
10 10 0 10 10 10 10 10 10 10
0 0 0 0 0 0 0 0 0 0
0 0 0 0 0 0 0 0 0 0
0 0 0 0 0 0 0 0 0 0
0 0 0 0 0 0 0 0 0 0
0 0 0 0 0 0 0 0 0 0
0 0 0 0 0 0 0 0 0 0
0 10 10 10 10 10 10 10 10 10
0 31 31 31 31 31 31 31 31 31
0 0 0 0 0 0 0 0 0 0
0 0 0 0 0 0 0 0 0 0
0 0 0 0 0 0 0 0 0 0
0 0 0 0 0 0 0 0 0 0
2 0 0 0 0 0 0 0 0 0
0 14 0 0 0 0 0 0 0 0
0 0 0 0 0 0 0 0 0 16
15 15 15 15 14 15 16 14 15 16

15 15 15 15 14 15 16 14 15 16
0 0 0 0 0 0 0 0 2 16
0 0 0 0 0 0 0 0 0 0
0 0 0 0 0 0 0 0 0 15
0 0 0 0 0 0 0 0 0 0
0 0 0 0 0 1 0 0 0 0
0 0 0 0 0 0 0 0 0 14
32 32 32 0 32 32 32 32 32 32
10 10 10 0 10 10 10 10 10 10
0 33 0 0 0 17 0 0 0 0
0 0 0 0 0 17 0 0 33 0
0 0 0 0 0 33 0 0 17 0
0 0 0 17 0 0 0 0 17 0
0 0 0 17 0 0 0 0 17 0
0 0 0 17 0 0 0 0 17 0
10 10 10 10 10 10 10 10 10 10
31 31 31 31 31 31 31 31 31 31
0 0 0 0 0 0 0 0 0 15
0 0 0 0 0 0 0 0 0 14
0 0 0 0 0 0 0 0 0 0
0 0 0 0 0 0 0 0 15 0
0 0 0 0 0 0 0 0 0 16
0 0 0 0 0 0 0 0 0 0
0 16 0 0 0 2 0 0 0 14
15 0 1 0 0 0 0 0 14 1

0 0 0 0 0 0 0 0 0 0
0 0 0 0 0 0 0 0 0 0
0 0 0 0 0 0 0 0 0 0
0 0 0 0 0 0 0 0 0 0
1 0 0 0 0 0 0 0 0 0
0 0 0 0 0 0 0 0 0 0
0 0 0 0 0 0 0 0 0 2
0 32 32 32 32 32 32 32 32 0
0 10 10 10 10 10 10 10 10 0
0 17 0 0 0 0 0 17 0 0
0 17 0 0 33 0 0 17 0 0
0 33 0 0 17 0 0 33 0 0
0 0 0 0 0 0 0 0 0 0
0 0 0 0 0 0 0 0 0 0
0 0 0 0 0 0 0 0 0 0
0 10 10 10 10 10 10 10 10 10
0 0 0 0 0 0 0 0 0 0
0 0 0 0 0 0 0 0 0 14
0 0 0 0 0 0 0 0 0 0
0 0 0 0 0 0 0 0 0 0
2 0 0 0 0 0 0 0 0 16
0 0 0 0 0 0 0 0 0 0
0 0 0 0 0 0 0 0 0 0
0 0 0 0 0 0 0 0 0 0
14 2 0 0 0 0 0 0 0 15

14 15 16 14 15 15 15 15 15 15
0 0 0 1 0 0 15 0 0 1
0 0 0 15 0 0 0 2 0 0
0 0 0 2 0 0 0 0 0 2
0 0 0 0 0 0 1 0 0 0
0 0 0 0 0 0 0 0 0 0
0 0 0 0 0 0 0 0 0 0
32 32 32 32 32 32 32 32 32 0
10 10 10 10 10 10 10 10 10 0
0 0 0 0 0 0 17 0 0 0
0 0 0 33 0 0 17 0 0 0
0 0 0 33 0 0 17 0 0 0
0 0 0 0 0 0 17 0 0 0
0 0 0 0 0 0 17 0 0 0
0 0 0 0 0 0 17 0 0 0
10 10 10 10 10 10 10 10 10 10
31 31 31 31 31 31 31 31 31 31
0 0 0 0 0 0 0 0 0 16
0 0 0 0 0 0 0 0 0 0
0 0 0 0 0 0 0 0 0 0
15 14 15 15 16 14 15 15 15 14
0 0 0 0 0 0 0 0 0 0
0 0 2 0 0 0 0 15 0 1
0 0 0 0 0 0 0 0 0 14
1 0 14 2 15 2 0 16 0 2

14 15 14 15 16 14 14 15 15 15
0 0 0 0 0 0 0 0 0 0
0 0 0 0 0 0 0 0 0 0
0 0 0 0 0 0 0 0 14 0
0 0 0 0 0 0 0 0 0 0
0 0 0 0 0 0 0 0 0 0
14 15 14 15 14 15 16 16 14 15
32 32 32 32 32 32 32 32 32 32
10 10 10 10 10 10 10 10 10 10
0 0 0 0 17 17 0 0 0 33
0 0 0 0 17 17 0 0 0 33
0 0 0 0 17 17 0 0 0 0
33 0 0 17 17 0 0 0 0 0
33 0 0 17 17 0 0 0 0 0
0 0 0 0 17 17 0 0 0 0
10 10 10 10 10 10 10 10 10 10
31 31 31 31 31 31 31 31 31 31
0 0 0 0 0 0 0 0 0 0
0 0 0 0 0 0 0 0 0 0
14 0 0 0 0 0 0 0 0 0
0 0 0 0 0 0 0 0 0 0
0 0 0 0 0 0 0 0 0 15
0 0 0 0 0 0 0 0 0 0
0 0 0 0 0 0 0 0 0 0
14 15 14 16 14 15 16 14 15 15

14 15 14 15 14 15 16 14 15 16
14 15 14 0 2 1 2 2 2 1
0 0 0 0 0 0 0 0 0 0
0 0 0 0 0 0 0 0 0 0
0 0 0 0 0 0 0 0 0 0
0 0 0 0 0 0 0 0 0 0
14 0 15 0 16 0 14 0 16 0
32 32 32 32 32 32 32 32 32 32
10 10 10 10 10 10 10 10 10 10
0 0 0 17 17 17 0 0 0 0
0 0 0 17 17 17 0 0 0 0
0 0 0 17 17 17 0 0 0 0
0 0 0 17 17 17 0 0 0 0
0 0 0 17 17 17 0 0 0 33
0 0 0 17 17 17 0 0 0 33
10 10 10 10 10 10 10 10 10 10
31 31 31 31 31 31 31 31 31 31
0 14 0 15 0 16 0 14 0 14
0 0 0 0 0 0 0 0 0 0
0 0 0 0 0 0 0 0 0 0
0 0 0 0 1 0 0 0 0 0
0 0 0 0 0 0 0 0 0 14
0 0 0 0 0 1 0 0 0 2
2 1 0 2 1 0 0 0 1 1
14 15 16 16 16 14 15 16 14 15

14 15 15 15 16 15 14 16 15 14
0 0 0 0 0 0 0 0 0 0
0 0 0 0 0 0 0 0 0 0
0 0 0 0 0 0 0 0 0 0
0 0 0 0 0 0 0 0 0 0
0 0 0 0 0 0 0 0 0 0
14 0 15 0 14 0 15 0 14 0
32 32 32 32 32 32 32 32 32 32
10 10 10 10 10 10 10 10 10 10
0 0 0 17 17 0 0 0 0 0
0 0 0 17 17 0 0 0 33 0
0 0 0 17 17 0 0 0 33 0
0 0 0 17 17 0 0 0 0 0
0 0 0 17 17 0 0 0 0 0
0 0 0 17 17 0 0 0 0 0
10 10 10 10 10 10 10 10 10 10
31 31 31 31 31 31 31 31 31 31
14 0 15 0 14 0 15 0 14 0
0 0 0 0 0 0 0 0 0 0
0 0 0 0 0 0 0 0 0 0
0 0 0 0 0 0 0 0 0 0
0 0 0 0 0 0 0 0 0 0
0 0 0 0 0 0 0 0 0 0
0 0 0 0 0 0 0 0 0 0
14 15 0 14 15 15 16 14 15 16

2 1 2 1 2 1 2 1 1 1
0 0 0 0 0 0 0 0 0 0
1 2 1 1 2 1 2 1 2 1
0 0 0 0 2 0 1 0 0 0
2 1 2 1 2 1 2 1 0 2
1 0 0 0 0 2 0 0 1 0
14 0 0 15 0 0 14 0 0 14
32 32 32 32 32 32 32 32 32 32
10 10 10 10 10 10 10 10 10 10
0 0 0 0 0 0 0 0 0 0
0 0 0 0 0 0 0 0 0 0
0 0 0 0 0 0 0 0 0 0
0 0 0 0 0 0 0 0 0 0
0 0 0 0 0 0 0 0 0 0
0 0 0 0 0 0 0 0 0 0
10 10 10 10 10 10 10 10 10 10
31 31 31 31 31 31 31 31 31 31
14 0 0 15 0 0 14 0 0 14
2 0 1 0 15 16 14 15 16 14
2 0 2 1 0 2 0 1 0 2
1 2 1 2 1 1 2 1 1 1
0 0 0 0 0 0 0 0 0 0
2 0 2 1 0 2 0 1 0 2
2 1 2 1 2 1 2 1 2 1
14 15 16 14 15 16 14 16 14 16

2 0 1 0 0 0 0 2 0 0
2 0 2 0 2 0 2 0 1 1
1 2 1 2 1 1 1 1 0 2
0 0 0 0 0 0 0 0 14 15
0 0 0 0 0 0 0 0 0 0
2 0 0 0 0 0 0 0 0 1
14 15 16 14 15 15 16 14 15 16
32 32 32 32 32 32 32 32 32 32
10 10 10 10 10 10 10 10 10 10
0 0 17 0 0 17 0 0 0 0
0 0 17 0 0 17 0 0 33 0
0 0 33 0 0 17 0 0 33 0
0 0 33 0 0 17 0 0 33 0
0 0 17 0 0 17 0 0 0 0
0 0 17 0 0 17 0 0 0 0
10 10 10 10 10 10 10 10 10 10
31 31 31 31 31 31 31 31 31 31
14 15 14 15 15 15 15 15 15 15
0 0 0 0 0 0 0 0 0 0
0 0 0 0 0 0 0 0 0 0
0 0 0 0 0 0 0 0 0 0
16 14 15 14 15 15 15 15 15 16
2 0 1 0 0 0 0 2 0 0
2 0 2 0 2 0 2 0 1 1
1 2 1 2 1 1 1 1 0 2

0 0 0 0 0 0 0 0 0 0
0 0 0 0 0 0 0 0 0 0
0 0 0 0 0 0 0 0 0 0
0 0 0 0 0 0 0 0 0 0
0 0 0 0 0 0 0 0 0 0
0 0 0 0 0 0 0 0 0 0
0 0 0 0 0 0 0 0 0 0
32 32 32 32 32 32 32 32 32 32
10 10 10 10 10 10 10 10 10 10
0 0 17 0 0 0 0 0 17 0
0 0 17 0 0 33 0 0 17 0
0 0 17 0 0 33 0 0 17 0
0 0 17 0 0 33 0 0 17 0
0 0 17 0 0 0 0 0 17 0
0 0 17 0 0 0 0 0 17 0
10 10 10 10 10 10 10 10 10 10
31 31 31 31 31 31 31 31 31 31
0 0 0 0 0 0 0 0 0 0
0 0 0 0 0 0 0 0 0 0
0 0 0 0 0 0 0 0 0 0
0 0 0 0 0 0 0 0 0 0
0 0 0 0 0 0 0 0 0 0
0 0 0 0 0 0 0 0 0 0
0 0 0 0 0 0 0 0 0 0
0 0 0 0 0 0 0 0 0 0

14 15 14 15 14 14 14 14 14 14
14 15 15 15 15 15 15 15 15 15
14 15 14 15 14 14 14 14 14 14
0 0 0 0 0 0 0 0 0 0
0 0 0 0 0 0 0 0 16 15
1 0 0 0 0 0 0 0 0 0
0 0 15 0 0 0 0 0 16 15
32 32 32 32 32 32 32 32 32 32
10 10 10 10 10 10 10 10 10 10
0 0 0 0 0 0 0 0 0 0
0 0 0 0 0 0 0 0 0 0
0 0 0 0 0 0 0 0 0 0
0 0 0 0 0 0 0 0 0 0
0 0 0 0 0 0 0 0 0 0
0 0 0 0 0 0 0 0 0 0
10 10 10 10 10 10 10 10 10 10
31 31 31 31 31 31 31 31 31 31
1 0 0 0 0 0 0 0 0 1
0 0 0 0 0 0 0 0 0 0
0 0 0 0 0 0 0 0 0 14
0 0 0 0 0 0 0 0 0 0
0 0 0 0 0 0 0 0 0 0
0 0 0 0 0 0 0 0 0 0
0 0 0 0 0 0 0 0 0 0
15 0 0 0 0 0 0 0 0 14

14 15 14 15 14 15 14 15 14 15
0 0 0 0 0 0 0 0 0 0
0 0 0 0 0 0 0 0 0 0
0 0 0 0 0 0 0 0 0 0
0 0 0 0 0 0 0 0 0 0
0 0 0 0 0 0 0 0 0 0
0 0 0 0 0 0 0 0 0 0
32 32 32 32 32 32 32 32 32 32
10 10 10 10 10 10 10 10 10 10
0 0 17 0 0 0 0 0 0 0
0 0 17 0 0 0 0 0 0 0
0 0 17 0 0 0 33 0 33 0
0 0 17 0 0 33 0 33 0 0
0 0 17 0 0 0 0 0 0 0
0 0 17 0 0 0 0 0 0 0
10 10 10 10 10 10 10 10 10 10
31 31 31 31 31 31 31 31 31 31
0 0 0 0 0 0 0 0 0 0
0 0 0 0 0 0 0 0 0 0
0 0 0 0 0 0 0 0 0 0
0 0 0 0 0 0 0 0 0 0
0 0 0 0 0 0 0 0 0 0
0 0 0 0 0 0 0 0 0 0
0 0 0 0 0 0 0 0 0 0
14 15 14 15 14 15 14 15 14 15

1 0 0 0 0 0 0 0 0 0
0 0 0 0 0 0 0 15 0 0
0 0 0 0 0 0 0 0 0 0
0 0 0 0 0 0 0 0 0 0
0 0 0 0 0 0 0 14 0 0
0 0 0 0 0 0 0 0 0 0
0 0 0 0 0 0 0 0 0 0
32 32 32 32 32 32 32 32 32 32
10 10 10 10 10 10 10 10 10 10
34 34 34 34 34 34 34 34 34 34
34 34 34 34 34 34 34 34 34 34
34 34 34 34 34 34 34 34 34 34
34 34 34 34 34 34 34 34 34 34
34 34 34 34 34 34 34 34 34 34
34 34 34 34 34 34 34 34 34 34
10 10 10 10 10 10 10 10 10 10
31 31 31 31 31 31 31 31 31 31
0 0 0 0 0 0 0 0 0 0
0 15 0 0 0 0 0 0 0 0
0 0 0 0 0 0 0 0 0 0
0 0 0 0 0 0 0 0 0 16
0 0 0 0 0 0 0 0 0 0
0 0 0 0 0 0 0 0 0 0
0 0 0 0 0 0 0 0 0 0
0 0 0 0 0 0 0 0 0 2

14 15 14 15 14 15 14 15 14 15
1 0 0 0 0 0 0 0 0 16
0 0 0 0 0 0 0 0 0 0
0 0 0 0 0 15 0 0 0 0
15 0 0 0 0 0 0 0 2 15
0 0 0 0 0 0 0 0 0 0
0 16 0 0 0 0 0 0 0 0
32 32 32 32 32 32 32 32 32 32
10 10 10 10 10 10 10 10 10 10
34 34 34 34 34 34 34 34 34 34
34 34 34 34 34 34 34 34 34 34
34 34 34 34 34 34 34 34 34 34
34 34 34 34 34 34 34 34 34 34
34 34 34 34 34 34 34 34 34 34
34 34 34 34 34 34 34 34 34 34
10 10 10 10 10 10 10 10 10 10
31 31 31 31 31 31 31 31 31 31
0 0 0 0 0 0 0 0 0 0
0 0 0 0 0 0 15 0 0 16
0 0 0 0 0 0 0 0 0 0
0 0 0 0 0 0 0 0 0 15
0 0 0 0 0 0 0 0 0 14
0 0 0 0 0 0 0 0 0 16
14 0 0 0 0 0 0 0 0 0
14 15 14 15 14 15 14 15 14 15

14 15 14 15 14 15 15 15 15 15
0 0 0 0 0 14 15 16 14 15
14 15 16 14 15 16 14 0 0 0
0 0 0 0 0 0 0 14 0 0
14 15 14 15 14 15 14 15 14 15
0 0 0 0 0 0 0 0 14 15
0 0 0 0 14 0 0 16 0 14
32 32 32 32 32 32 32 32 32 32
10 10 10 10 10 10 10 10 10 10
34 34 34 34 34 34 34 34 34 34
34 34 34 34 34 34 34 34 34 34
34 34 34 34 34 34 34 34 34 34
34 34 34 34 34 34 34 34 34 34
34 34 34 34 34 34 34 34 34 34
34 34 34 34 34 34 34 34 34 34
10 10 10 10 10 10 10 10 10 10
31 31 31 31 31 31 31 31 31 31
0 0 0 0 0 14 15 16 14 15
14 15 14 15 14 15 14 15 14 15
0 0 0 0 0 0 0 0 15 16
16 14 15 14 15 16 14 15 16 14
16 14 15 14 15 16 14 15 16 14
14 15 0 0 0 0 0 14 5 1
14 15 14 15 14 15 14 15 14 15
16 14 15 14 15 16 14 15 16 14

