0

10

25
3
3
3
3
3
3
3
3
3
3
3
3
3
3
3
3
3
3
3
3
3
3
3
3
3

35

2
2
2
2
2
2
2
2
2
2
2
2
2
2
2
2
2
2
2
2
2
2
2
2
2
2
2
2
2
2
2
2
2
2
2

2 0 0 0 0 0 0 0 0 1
0 0 0 0 0 0 0 0 0 0
0 0 0 0 0 0 0 4 0 0
0 0 0 0 4 0 0 0 0 5
0 0 0 0 0 0 0 0 0 0
0 0 0 0 0 0 0 0 0 0
16 0 0 16 0 0 16 0 0 16
0 0 13 0 0 0 0 0 0 0
0 0 0 0 0 0 0 0 0 11
0 0 0 0 0 0 0 0 0 0
0 0 0 0 0 0 0 0 0 0
0 0 0 0 0 0 0 0 0 0
0 0 0 0 0 0 0 0 0 0
0 0 0 0 0 0 0 0 0 0
0 0 0 0 0 0 0 0 0 0
0 0 0 0 0 0 0 0 0 0
0 0 0 0 0 0 0 0 0 0
0 0 0 0 0 0 0 0 0 0
0 0 0 0 0 0 0 0 0 0
0 0 0 0 0 0 0 0 0 0
0 0 0 0 0 0 0 0 0 0
16 0 0 16 0 0 16 0 0 16
0 0 0 0 0 0 0 0 0 0
0 0 0 0 0 46 0 0 0 0
47 0 0 0 0 0 0 0 0 0

2 0 0 0 0 0 0 0 0 1
0 0 0 0 0 0 0 0 0 0
0 0 0 0 0 0 0 4 0 0
0 0 0 0 4 0 0 0 0 5
0 0 0 0 0 0 0 0 0 0
0 0 0 0 0 0 0 0 0 0
16 0 0 16 0 0 16 0 0 16
0 0 13 0 0 0 0 0 0 0
0 0 0 0 0 0 0 0 0 11
0 0 0 0 0 0 0 0 0 0
0 0 0 0 0 0 0 0 0 0
0 0 0 0 0 0 0 0 0 0
0 0 0 0 0 0 0 0 0 0
0 0 0 0 0 0 0 0 0 0
0 0 0 0 0 0 0 0 0 0
0 0 0 0 0 0 0 0 0 0
0 0 0 0 0 0 0 0 0 0
0 0 0 0 0 0 0 0 0 0
0 0 0 0 0 0 0 0 0 0
0 0 0 0 0 0 0 0 0 0
0 0 0 0 0 0 0 0 0 0
16 0 0 16 0 0 16 0 0 16
0 0 0 0 0 0 0 0 0 0
0 0 0 0 0 46 0 0 0 0
47 0 0 0 0 0 0 0 0 0

2 0 0 0 0 0 0 0 0 1
0 0 0 0 0 0 0 0 0 0
0 0 0 0 0 0 0 4 0 0
0 0 0 0 4 0 0 0 0 5
0 0 0 0 0 0 0 0 0 0
0 0 0 0 0 0 0 0 0 0
16 0 0 16 0 0 16 0 0 16
0 0 13 0 0 0 0 0 0 0
0 0 0 0 0 0 0 0 0 11
0 0 0 0 0 0 0 0 0 0
0 0 0 0 0 0 0 0 0 0
0 0 0 0 0 0 0 0 0 0
0 0 0 0 0 0 0 0 0 0
0 0 0 0 0 0 0 0 0 0
0 0 0 0 0 0 0 0 0 0
0 0 0 0 0 0 0 0 0 0
0 0 0 0 0 0 0 0 0 0
0 0 0 0 0 0 0 0 0 0
0 0 0 0 0 0 0 0 0 0
0 0 0 0 0 0 0 0 0 0
0 0 0 0 0 0 0 0 0 0
16 0 0 16 0 0 16 0 0 16
0 0 0 0 0 0 0 0 0 0
0 0 0 0 0 46 0 0 0 0
47 0 0 0 0 0 0 0 0 0

2 0 0 0 0 0 0 0 0 1
0 0 0 0 0 0 0 0 0 0
0 0 0 0 0 0 0 4 0 0
0 0 0 0 4 0 0 0 0 5
0 0 0 0 0 0 0 0 0 0
0 0 0 0 0 0 0 0 0 0
16 0 0 16 0 0 16 0 0 16
0 0 13 0 0 0 0 0 0 0
0 0 0 0 0 0 0 0 0 11
0 0 0 0 0 0 0 0 0 0
0 0 0 0 0 0 0 0 0 0
0 0 0 0 0 0 0 0 0 0
0 0 0 0 0 0 0 0 0 0
0 0 0 0 0 0 0 0 0 0
0 0 0 0 0 0 0 0 0 0
0 0 0 0 0 0 0 0 0 0
0 0 0 0 0 0 0 0 0 0
0 0 0 0 0 0 0 0 0 0
0 0 0 0 0 0 0 0 0 0
0 0 0 0 0 0 0 0 0 0
0 0 0 0 0 0 0 0 0 0
16 0 0 16 0 0 16 0 0 16
0 0 0 0 0 0 0 0 0 0
0 0 0 0 0 46 0 0 0 0
47 0 0 0 0 0 0 0 0 0

2 0 0 0 0 0 0 0 0 1
0 0 0 0 0 0 0 0 0 0
0 0 0 0 0 0 0 4 0 0
0 0 0 0 4 0 0 0 0 5
0 0 0 0 0 0 0 0 0 0
0 0 0 0 0 0 0 0 0 0
16 0 0 16 0 0 16 0 0 16
0 0 13 0 0 0 0 0 0 0
0 0 0 0 0 0 0 0 0 11
0 0 0 0 0 0 0 0 0 0
0 0 0 0 0 0 0 0 0 0
0 0 0 0 0 0 0 0 0 0
0 0 0 0 0 0 0 0 0 0
0 0 0 0 0 0 0 0 0 0
0 0 0 0 0 0 0 0 0 0
0 0 0 0 0 0 0 0 0 0
0 0 0 0 0 0 0 0 0 0
0 0 0 0 0 0 0 0 0 0
0 0 0 0 0 0 0 0 0 0
0 0 0 0 0 0 0 0 0 0
0 0 0 0 0 0 0 0 0 0
16 0 0 16 0 0 16 0 0 16
0 0 0 0 0 0 0 0 0 0
0 0 0 0 0 46 0 0 0 0
47 0 0 0 0 0 0 0 0 0

2 0 0 0 0 0 0 0 0 1
0 0 0 0 0 0 0 0 0 0
0 0 0 0 0 0 0 4 0 0
0 0 0 0 4 0 0 0 0 5
0 0 0 0 0 0 0 0 0 0
0 0 0 0 0 0 0 0 0 0
16 0 0 16 0 0 16 0 0 16
0 0 13 0 0 0 0 0 0 0
0 0 0 0 0 0 0 0 0 11
0 0 0 0 0 0 0 0 0 0
0 0 0 0 0 0 0 0 0 0
0 0 0 0 0 0 0 0 0 0
0 0 0 0 0 0 0 0 0 0
0 0 0 0 0 0 0 0 0 0
0 0 0 0 0 0 0 0 0 0
0 0 0 0 0 0 0 0 0 0
0 0 0 0 0 0 0 0 0 0
0 0 0 0 0 0 0 0 0 0
0 0 0 0 0 0 0 0 0 0
0 0 0 0 0 0 0 0 0 0
0 0 0 0 0 0 0 0 0 0
16 0 0 16 0 0 16 0 0 16
0 0 0 0 0 0 0 0 0 0
0 0 0 0 0 46 0 0 0 0
47 0 0 0 0 0 0 0 0 0

2 0 0 0 0 0 0 0 0 1
0 0 0 0 0 0 0 0 0 0
0 0 0 0 0 0 0 4 0 0
0 0 0 0 4 0 0 0 0 5
0 0 0 0 0 0 0 0 0 0
0 0 0 0 0 0 0 0 0 0
16 0 0 16 0 0 16 0 0 16
0 0 13 0 0 0 0 0 0 0
0 0 0 0 0 0 0 0 0 11
0 0 0 0 0 0 0 0 0 0
0 0 0 0 0 0 0 0 0 0
0 0 0 0 0 0 0 0 0 0
0 0 0 0 0 0 0 0 0 0
0 0 0 0 0 0 0 0 0 0
0 0 0 0 0 0 0 0 0 0
0 0 0 0 0 0 0 0 0 0
0 0 0 0 0 0 0 0 0 0
0 0 0 0 0 0 0 0 0 0
0 0 0 0 0 0 0 0 0 0
0 0 0 0 0 0 0 0 0 0
0 0 0 0 0 0 0 0 0 0
16 0 0 16 0 0 16 0 0 16
0 0 0 0 0 0 0 0 0 0
0 0 0 0 0 46 0 0 0 0
47 0 0 0 0 0 0 0 0 0

2 0 0 0 0 0 0 0 0 1
0 0 0 0 0 0 0 0 0 0
5 0 2 0 0 0 0 4 0 0
0 0 0 0 4 0 0 0 0 5
0 0 0 0 0 0 0 0 0 0
0 0 0 0 0 0 0 0 0 0
16 0 0 16 0 0 16 0 0 16
0 0 0 0 0 0 40 0 0 0
0 0 0 0 0 0 40 0 0 0
0 0 0 0 0 0 40 0 0 0
0 0 0 0 0 0 40 0 0 0
0 0 0 0 0 0 40 0 0 0
0 0 0 0 0 0 40 0 0 0
0 0 0 0 0 0 40 0 0 0
0 0 0 0 0 0 40 0 0 0
0 0 0 0 0 0 40 0 0 0
0 0 0 0 0 0 40 0 0 0
0 0 0 0 0 0 40 0 0 0
0 0 0 0 0 0 40 0 0 0
0 0 0 0 0 0 40 0 0 0
0 0 0 0 0 0 40 0 0 0
16 0 0 16 0 0 16 0 0 16
0 0 0 0 0 0 0 0 0 0
0 0 0 0 0 46 0 0 0 0
47 0 0 0 0 0 0 0 0 0

2 0 0 0 0 0 0 0 0 1
0 0 0 0 0 0 0 0 0 0
5 0 2 0 0 0 0 4 0 0
0 0 0 0 4 0 0 0 0 5
0 0 0 0 0 0 0 0 0 0
0 0 0 0 0 0 0 0 0 1
16 0 0 16 0 0 16 0 0 16
0 0 0 0 0 0 0 0 0 0
0 0 0 0 0 0 0 0 0 0
0 0 0 0 0 0 0 0 0 0
0 0 0 0 0 0 0 0 0 0
0 0 0 0 0 0 0 0 0 0
0 0 0 0 0 0 0 0 0 0
0 0 0 0 0 0 35 0 0 0
0 0 0 0 0 0 0 0 0 0
0 0 0 0 0 0 0 0 0 0
0 0 0 0 0 0 0 0 0 0
0 0 0 0 0 0 0 0 0 0
0 0 0 0 0 0 0 0 0 0
0 0 0 0 0 0 0 0 0 0
0 0 0 0 0 0 0 0 0 0
16 0 0 16 0 0 16 0 0 16
0 0 0 0 0 0 0 0 0 0
0 0 0 0 0 46 0 0 0 0
47 0 0 0 0 0 0 0 0 0

2 0 0 0 0 0 0 0 0 1
0 0 0 0 0 0 0 0 0 0
4 0 2 0 0 0 0 4 0 0
0 0 0 0 4 0 0 0 0 5
0 0 0 0 0 0 0 0 0 0
1 0 0 2 0 0 0 0 0 1
16 0 0 16 0 0 16 0 0 16
0 0 0 0 0 0 0 0 0 0
0 0 0 0 0 0 0 0 0 0
0 0 0 0 0 0 0 0 0 0
0 0 0 0 0 0 0 0 0 0
0 0 0 0 0 0 0 0 0 0
0 0 0 0 0 0 0 0 0 0
0 0 0 0 0 0 45 0 0 0
0 0 0 0 0 0 0 0 0 0
0 0 0 0 0 0 0 0 0 0
0 0 0 0 0 0 0 0 0 0
0 0 0 0 0 0 0 0 0 0
0 0 0 0 0 0 0 0 0 0
0 0 0 0 0 0 0 0 0 0
0 0 0 0 0 0 0 0 0 0
16 0 0 16 0 0 16 0 0 16
0 0 0 0 0 0 0 0 0 0
0 0 0 0 0 46 0 0 0 0
0 0 0 0 0 0 0 0 0 0

0 0 0 0 0 0 0 0 0 0
0 0 0 0 4 0 0 0 0 5
4 0 2 0 0 0 0 4 0 0
0 0 0 0 0 0 5 0 0 0
0 0 0 0 0 0 0 0 0 0
0 0 0 0 0 0 0 0 0 0
16 0 0 16 0 0 16 0 0 16
0 0 0 0 0 0 0 0 0 0
0 0 0 0 0 0 0 0 0 0
0 0 0 0 0 0 0 0 0 0
0 0 0 0 0 0 0 0 0 0
0 0 0 0 0 0 0 0 0 0
0 0 0 0 0 0 0 0 0 0
0 0 0 0 0 0 43 0 0 0
0 0 0 0 0 0 0 0 0 0
0 0 0 0 0 0 0 0 0 0
0 0 0 0 0 0 0 0 0 0
0 0 0 0 0 0 0 0 0 0
0 0 0 0 0 0 0 0 0 0
0 0 0 0 0 0 0 0 0 0
0 0 0 0 0 0 0 0 0 0
16 0 0 16 0 0 16 0 0 16
0 0 0 0 0 0 0 0 0 0
0 0 0 0 0 46 0 0 0 0
47 0 0 0 0 0 0 0 0 0

0 0 0 0 0 0 0 0 0 0
0 0 0 0 4 0 0 0 0 5
0 0 0 0 0 0 0 0 0 0
4 0 2 0 0 0 0 4 0 0
1 0 0 2 0 0 0 0 0 1
2 0 0 0 0 0 0 0 0 1
16 0 0 16 0 0 16 0 0 16
0 0 0 0 0 0 0 0 0 0
0 0 0 0 0 0 0 0 0 0
0 0 0 0 0 0 0 0 0 0
0 0 0 0 0 0 33 0 0 0
0 0 0 0 0 0 33 0 0 0
0 0 0 0 0 0 0 0 0 0
0 0 0 0 0 0 33 0 0 0
0 0 0 0 0 0 33 0 0 0
0 0 0 0 0 0 0 0 0 0
0 0 0 0 0 0 0 0 0 0
0 0 0 0 0 0 0 0 0 0
0 0 0 0 0 0 0 0 0 0
0 0 0 0 0 0 0 0 0 0
0 0 0 0 0 0 0 0 0 0
16 0 0 16 0 0 16 0 0 16
0 0 0 0 0 0 0 0 0 0
0 0 0 0 0 46 0 0 0 0
47 0 0 0 0 0 0 0 0 0

0 0 0 0 0 0 0 0 0 0
0 0 0 0 4 0 0 0 0 5
0 0 0 0 0 0 0 0 0 0
4 0 2 0 0 0 0 4 0 0
1 0 0 2 0 0 0 0 0 1
2 0 0 0 0 0 0 0 0 1
16 0 0 16 0 0 16 0 0 16
0 0 0 0 0 0 0 0 0 0
0 0 0 0 0 0 44 0 0 0
0 0 0 0 0 0 0 0 0 0
0 0 0 0 0 0 44 0 0 0
0 0 0 0 0 0 44 0 0 0
0 0 0 0 0 0 0 0 0 0
0 0 0 0 0 0 44 0 0 0
0 0 0 0 0 0 44 0 0 0
0 0 0 0 0 0 0 0 0 0
0 0 0 0 0 0 44 0 0 0
0 0 0 0 0 0 0 0 0 0
0 0 0 0 0 0 0 0 0 0
0 0 0 0 0 0 0 0 0 0
0 0 0 0 0 0 0 0 0 0
16 0 0 16 0 0 16 0 0 16
0 0 0 0 0 0 0 0 0 0
0 0 0 0 0 46 0 0 0 0
47 0 0 0 0 0 0 0 0 0

0 0 0 0 0 0 0 0 0 0
0 0 0 0 4 0 0 0 0 5
0 0 0 0 0 0 0 0 0 0
4 0 2 0 0 0 0 4 0 0
1 0 0 2 0 0 0 0 0 1
2 0 0 0 0 0 0 0 0 1
16 0 0 16 0 0 16 0 0 16
0 0 0 0 0 0 17 0 0 0
0 0 0 0 0 0 0 0 0 0
0 0 0 0 0 0 0 0 0 0
0 0 0 0 0 0 35 0 0 0
0 0 0 0 0 0 35 0 0 0
0 0 0 0 0 0 0 0 0 0
0 0 0 0 0 0 17 0 0 0
0 0 0 0 0 0 17 0 0 0
0 0 0 0 0 0 0 0 0 0
0 0 0 0 0 0 0 0 0 0
0 0 0 0 0 0 0 0 0 0
0 0 0 0 0 0 17 0 0 0
0 0 0 0 0 0 0 0 0 0
0 0 0 0 0 0 0 0 0 0
16 0 0 16 0 0 16 0 0 16
0 0 0 0 0 0 0 0 0 0
0 0 0 0 0 46 0 0 0 0
47 0 0 0 0 0 0 0 0 0

1 0 0 2 0 0 0 0 0 1
2 0 0 0 0 0 5 0 0 1
4 0 2 0 0 0 0 4 0 0
0 4 0 0 0 5 0 0 0 0
0 0 0 0 4 0 0 0 0 5
0 0 0 0 0 0 0 0 0 0
16 0 0 16 0 0 16 0 0 16
0 0 0 0 0 0 43 0 0 0
0 0 0 0 0 0 0 0 0 0
0 0 33 0 0 0 0 0 0 0
0 0 0 0 0 0 42 0 0 0
0 0 0 0 0 0 44 0 0 0
0 0 0 0 0 0 0 0 0 0
0 0 0 0 0 0 43 0 0 0
0 0 0 0 0 0 42 0 0 0
0 0 0 0 0 0 0 0 0 0
0 0 0 0 0 0 0 0 0 0
0 0 0 33 0 0 0 0 0 0
0 0 0 0 0 0 17 0 0 0
0 0 0 0 0 0 0 0 0 0
0 0 0 0 0 0 0 0 0 0
16 0 0 16 0 0 16 0 0 16
0 0 0 0 0 0 0 0 0 0
0 0 0 0 0 46 0 0 0 0
47 0 0 0 0 0 0 0 0 0

1 0 0 2 0 0 0 0 0 1
2 0 0 0 0 0 5 0 0 1
4 0 2 0 0 0 0 4 0 0
0 4 0 0 0 5 0 0 0 0
0 0 0 0 4 0 0 0 0 5
0 0 0 0 0 0 0 0 0 0
16 0 0 16 0 0 16 0 0 16
0 0 0 0 0 0 43 0 0 0
0 0 0 0 0 0 0 0 0 0
0 0 33 0 0 0 0 0 0 0
0 0 0 0 0 0 42 0 0 0
0 0 0 0 0 0 44 0 0 0
0 0 0 0 0 0 0 0 0 0
0 0 0 0 0 0 43 0 0 0
0 0 0 0 0 0 42 0 0 0
0 0 0 0 0 0 0 0 0 0
0 0 0 0 0 0 0 0 0 0
0 0 0 33 0 0 0 0 0 0
0 0 0 0 0 0 17 0 0 0
0 0 0 0 0 0 0 0 0 0
0 0 0 0 0 0 0 0 0 0
16 0 0 16 0 0 16 0 0 16
0 0 0 0 0 0 0 0 0 0
0 0 0 0 0 46 0 0 0 0
47 0 0 0 0 0 0 0 0 0

3 0 0 0 0 0 0 0 0 1
0 0 0 0 0 0 0 0 0 0
0 0 0 0 0 0 0 0 0 0
0 0 0 0 0 0 0 0 0 0
0 0 0 0 0 0 0 0 0 0
30 0 0 0 0 0 0 0 0 0
16 0 0 16 0 0 16 0 0 16
0 0 0 0 26 26 0 0 0 0
0 0 0 0 26 26 0 0 0 0
0 0 0 0 26 26 0 0 0 0
0 0 0 0 26 26 0 0 0 0
0 0 0 0 26 26 0 0 0 0
0 0 0 0 26 26 0 0 0 0
0 0 0 0 26 26 0 0 0 0
0 0 0 0 26 26 0 0 0 0
0 0 0 0 26 26 0 0 0 0
0 0 0 0 26 26 0 0 0 0
0 0 0 0 26 26 0 0 0 0
0 0 0 0 26 26 0 0 0 0
0 0 0 0 0 0 0 0 0 0
0 0 0 0 0 0 0 0 0 0
16 0 0 16 0 0 16 0 0 16
0 0 0 0 0 0 0 0 0 0
0 0 0 0 0 46 0 0 0 0
47 0 0 0 0 0 0 0 0 0

2 0 0 0 0 3 0 0 0 1
0 0 0 0 0 0 0 0 0 5
0 0 0 3 0 0 0 4 0 0
0 0 0 0 0 0 0 0 0 0
0 0 0 0 0 0 0 0 0 0
30 0 0 0 0 0 0 0 0 0
16 0 0 16 0 0 16 0 0 16
0 0 0 0 17 17 0 0 0 0
0 0 0 0 17 17 0 0 0 0
0 0 0 0 17 17 0 0 0 0
0 0 0 0 17 17 0 0 0 0
0 0 0 0 17 17 0 0 0 0
0 0 0 0 17 17 0 0 0 0
0 0 0 0 17 17 0 0 0 0
0 0 0 0 17 17 0 0 0 0
0 0 0 0 17 17 0 0 0 0
0 0 0 0 17 17 0 0 0 0
0 0 0 0 17 17 0 0 0 0
0 0 0 0 17 17 0 0 0 0
0 0 0 0 0 0 0 0 0 0
0 0 0 0 0 0 0 0 0 0
16 0 0 16 0 0 16 0 0 16
0 0 0 0 0 0 0 0 0 0
0 0 0 0 0 46 0 0 0 0
47 0 0 0 0 0 0 0 0 0

4 0 0 0 0 0 0 0 0 11
1 0 0 0 0 0 0 0 0 0
5 0 0 0 0 0 0 0 0 0
0 0 0 0 0 0 0 0 0 2
0 0 0 0 0 0 0 0 0 0
30 0 0 0 0 0 0 0 0 0
16 0 0 16 0 0 16 0 0 16
0 0 0 0 0 0 0 0 0 0
0 0 44 0 0 0 0 0 0 0
0 0 0 0 42 0 0 0 0 0
0 0 0 0 0 0 43 0 0 0
0 0 0 33 0 0 0 0 0 0
0 0 0 0 0 0 0 0 33 0
0 0 0 0 0 0 0 0 0 0
0 0 44 0 0 0 0 0 0 0
0 0 0 0 42 0 0 0 0 0
0 0 0 0 0 0 43 0 0 0
0 0 0 33 0 0 0 0 0 0
0 0 0 0 0 0 0 0 33 0
0 0 0 0 0 0 0 0 0 0
0 0 0 0 0 0 0 0 0 0
16 0 0 16 0 0 16 0 0 16
0 0 0 0 0 0 0 0 0 0
0 0 0 0 0 46 0 0 0 0
47 0 0 0 0 0 0 0 0 0

0 0 0 0 0 0 0 0 0 0
0 0 0 0 0 0 0 0 0 0
0 0 0 0 0 0 0 0 0 0
0 0 0 0 0 0 0 0 0 0
0 0 0 0 0 0 0 0 0 0
30 0 0 0 0 0 0 0 0 0
16 0 0 16 0 0 16 0 0 16
0 0 0 0 0 0 0 0 0 0
0 0 0 0 0 0 0 0 0 0
0 0 0 0 0 0 0 0 0 0
0 0 0 0 0 0 0 0 0 0
0 0 0 0 0 0 0 0 0 0
0 0 33 0 0 0 42 0 0 0
0 0 0 0 0 0 0 0 0 0
0 0 0 0 0 0 0 0 0 0
0 0 0 0 0 0 0 0 0 0
0 0 0 0 0 0 0 0 0 0
0 0 0 0 0 0 0 0 0 0
0 0 33 0 0 0 42 0 0 0
0 0 0 0 0 0 0 0 0 0
0 0 0 0 0 0 0 0 0 0
16 0 0 16 0 0 16 0 0 16
0 0 0 0 0 0 0 0 0 0
0 0 0 0 0 46 0 0 0 0
47 0 0 0 0 0 0 0 0 0

0 0 0 0 0 0 0 0 0 0
0 0 0 0 0 0 0 0 0 0
0 0 0 0 0 0 0 0 0 0
0 0 0 0 0 0 0 0 0 0
0 0 0 0 0 0 0 0 0 0
30 0 0 0 0 0 0 0 0 0
16 0 0 16 0 0 16 0 0 16
0 0 0 0 0 0 0 0 0 0
0 0 0 0 0 0 0 0 0 0
0 0 0 0 0 0 0 0 0 0
0 0 0 0 0 0 0 0 0 0
0 0 33 0 0 0 42 0 0 0
0 0 0 0 0 0 0 0 0 0
0 0 0 0 0 0 0 0 0 0
0 0 0 0 0 0 0 0 0 0
0 0 0 0 0 0 0 0 0 0
0 0 0 0 0 0 0 0 0 0
0 0 33 0 0 0 42 0 0 0
0 0 0 0 0 0 0 0 0 0
0 0 0 0 0 0 0 0 0 0
0 0 0 0 0 0 0 0 0 0
16 0 0 16 0 0 16 0 0 16
0 0 0 0 0 0 0 0 0 0
0 0 0 0 0 46 0 0 0 0
47 0 0 0 0 0 0 0 0 0

1 0 0 2 0 0 0 0 0 1
4 0 2 0 0 0 0 4 0 0
2 0 0 0 0 0 5 0 0 1
0 0 0 0 4 0 0 0 0 5
0 4 0 0 0 5 0 0 0 0
0 0 0 0 0 0 0 0 0 0
16 0 0 16 0 0 16 0 0 16
0 0 0 0 0 0 0 0 0 0
0 0 0 0 0 0 0 0 0 0
0 0 0 0 0 0 0 0 0 0
0 0 0 0 0 0 0 0 0 0
0 0 33 0 0 0 42 0 0 0
0 0 0 0 0 0 0 0 0 0
0 0 0 0 0 0 0 0 0 0
0 0 0 0 0 0 0 0 0 0
0 0 0 0 0 0 0 0 0 0
0 0 0 0 0 0 0 0 0 0
0 0 33 0 0 0 42 0 0 0
0 0 0 0 0 0 0 0 0 0
0 0 0 0 0 0 0 0 0 0
0 0 0 0 0 0 0 0 0 0
16 0 0 16 0 0 16 0 0 16
0 0 0 0 0 0 0 0 0 0
0 0 0 0 0 46 0 0 0 0
47 0 0 0 0 0 0 0 0 0

0 0 0 0 0 0 0 0 0 0
0 4 0 0 0 5 0 0 0 0
0 0 0 0 4 0 0 0 0 5
2 0 0 0 0 0 5 0 0 1
4 0 2 0 0 0 0 4 0 0
1 0 0 2 0 0 0 0 0 1
16 0 0 16 0 0 16 0 0 16
0 0 0 0 0 0 0 0 0 0
0 0 0 0 0 0 0 0 0 0
0 0 0 0 0 0 0 0 0 0
0 0 0 0 0 0 0 0 0 0
0 0 33 0 0 0 42 0 0 0
0 0 0 0 0 0 0 0 0 0
0 0 0 0 0 0 0 0 0 0
0 0 0 0 0 0 0 0 0 0
0 0 0 0 0 0 0 0 0 0
0 0 0 0 0 0 0 0 0 0
0 0 33 0 0 0 42 0 0 0
0 0 0 0 0 0 0 0 0 0
0 0 0 0 0 0 0 0 0 0
0 0 0 0 0 0 0 0 0 0
16 0 0 16 0 0 16 0 0 16
0 0 0 0 0 0 0 0 0 0
0 0 0 0 0 46 0 0 0 0
47 0 0 0 0 0 0 0 0 0

0 0 0 0 0 0 0 0 0 0
0 4 0 0 0 5 0 0 0 0
0 0 0 0 4 0 0 0 0 5
2 0 0 0 0 0 5 0 0 1
4 0 2 0 0 0 0 4 0 0
1 0 0 2 0 0 0 0 0 1
16 0 0 16 0 0 16 0 0 16
0 0 0 0 0 0 43 0 0 0
0 0 0 0 0 0 0 0 0 0
0 0 33 0 0 0 0 0 0 0
0 0 0 0 0 0 42 0 0 0
0 0 0 0 0 0 44 0 0 0
0 0 0 0 0 0 0 0 0 0
0 0 0 0 0 0 43 0 0 0
0 0 0 0 0 0 42 0 0 0
0 0 0 0 0 0 0 0 0 0
0 0 0 0 0 0 0 0 0 0
0 0 0 33 0 0 0 0 0 0
0 0 0 0 0 0 17 0 0 0
0 0 0 0 0 0 0 0 0 0
0 0 0 0 0 0 0 0 0 0
16 0 0 16 0 0 16 0 0 16
0 0 0 0 0 0 0 0 0 0
0 0 0 0 0 46 0 0 0 0
47 0 0 0 0 0 0 0 0 0

0 0 0 0 0 0 0 0 0 0
0 4 0 0 0 5 0 0 0 0
0 0 0 0 4 0 0 0 0 5
2 0 0 0 0 0 5 0 0 1
4 0 2 0 0 0 0 4 0 0
1 0 0 2 0 0 0 0 0 1
16 0 0 16 0 0 16 0 0 16
0 0 0 0 0 0 17 17 17 0
0 0 0 33 0 0 17 17 17 0
0 0 0 0 0 0 17 17 17 0
0 0 0 0 0 0 17 17 17 0
0 0 0 0 0 0 17 17 17 0
0 0 0 0 0 0 17 17 17 0
0 0 0 0 0 0 17 17 17 0
0 0 0 33 0 0 17 17 17 0
0 0 0 0 0 0 17 17 17 0
0 0 0 0 0 0 17 17 17 0
0 0 0 0 0 0 17 17 17 0
0 0 0 0 0 0 17 17 17 0
0 0 0 0 0 0 0 0 0 0
0 0 0 0 0 0 0 0 0 0
16 0 0 16 0 0 16 0 0 16
0 0 0 0 0 0 0 0 0 0
0 0 0 0 0 46 0 0 0 0
47 0 0 0 0 0 0 0 0 0

4 5 4 3 2 1 4 5 2 1
4 5 4 3 2 1 4 5 2 1
0 0 0 0 0 0 0 0 0 0
4 5 4 3 2 1 4 5 2 1
4 5 4 3 2 1 4 5 2 1
0 0 0 0 0 0 0 0 0 0
16 0 0 16 0 0 16 0 0 16
0 0 0 0 0 0 0 42 0 0
0 0 0 0 0 43 0 0 0 0
0 0 0 0 0 0 0 42 0 0
0 0 0 0 0 0 0 0 0 0
0 0 0 0 0 0 33 0 0 0
0 0 0 0 0 0 0 0 0 0
0 0 0 0 0 0 0 42 0 0
0 0 0 0 0 43 0 0 0 0
0 0 0 0 0 0 0 42 0 0
0 0 0 0 0 0 0 0 0 0
0 0 0 0 0 0 33 0 0 0
0 0 0 0 0 0 0 0 0 0
0 0 0 0 0 0 0 0 0 0
0 0 0 0 0 0 0 0 0 0
16 0 0 16 0 0 16 0 0 16
0 0 0 0 0 0 0 0 0 0
4 5 4 3 2 1 4 5 2 1
4 5 4 3 2 1 4 5 2 1

0 0 0 0 0 0 0 0 0 0
4 5 4 3 2 1 4 5 2 1
0 0 0 0 0 0 0 0 0 0
0 0 0 0 0 0 0 0 0 3
0 0 0 0 0 2 0 0 0 0
0 4 0 0 0 0 0 0 0 0
0 0 0 0 0 0 0 0 0 0
0 0 0 0 0 0 0 0 0 0
16 16 16 16 16 16 16 16 16 16
0 0 0 0 0 0 0 42 0 0
0 0 0 0 0 43 0 0 0 0
0 0 0 0 0 0 0 42 0 0
0 0 0 0 0 0 0 17 0 0
0 0 0 0 33 0 0 17 0 0
0 0 0 0 0 0 0 17 0 0
0 0 0 0 0 0 0 42 0 0
0 0 0 0 0 43 0 0 0 0
0 0 0 0 0 0 0 42 0 0
0 0 0 0 0 0 0 17 0 0
0 0 0 0 33 0 0 17 0 0
0 0 0 0 0 0 0 17 0 0
16 16 16 16 16 16 16 16 16 16
0 0 0 0 0 0 0 0 0 0
0 0 0 0 0 0 0 0 0 0
48 0 0 0 0 0 0 0 0 47

0 0 0 0 0 0 0 0 0 0
4 5 4 3 2 1 4 5 2 1
0 0 0 0 0 0 0 0 0 0
0 0 0 0 0 0 0 0 0 3
0 0 0 0 0 2 0 0 0 0
0 4 0 0 0 0 0 0 0 0
16 0 0 16 0 0 16 0 0 16
0 0 0 0 0 0 0 42 0 0
0 0 0 0 0 43 0 0 0 0
0 0 0 0 0 0 0 42 0 0
0 0 0 0 0 0 0 0 0 0
0 0 0 0 0 0 33 0 0 0
0 0 0 0 0 0 0 0 0 0
0 0 0 0 0 0 0 42 0 0
0 0 0 0 0 43 0 0 0 0
0 0 0 0 0 0 0 42 0 0
0 0 0 0 0 0 0 0 0 0
0 0 0 0 0 0 33 0 0 0
0 0 0 0 0 0 0 0 0 0
16 0 0 16 0 0 16 0 0 16
0 0 0 0 0 0 0 0 0 0
4 5 4 3 2 1 4 5 2 1
0 0 0 0 0 0 0 0 0 0
0 0 0 0 0 0 0 0 0 3
0 0 0 0 0 2 0 0 0 0

4 5 4 3 2 1 4 5 2 1
0 0 0 0 0 0 0 0 0 0
0 0 0 0 0 0 0 0 0 0
0 0 0 0 0 0 0 0 0 0
0 0 0 0 0 0 0 0 0 0
30 0 0 0 0 0 0 0 0 0
16 0 0 16 0 0 16 0 0 16
0 0 0 0 0 0 0 42 0 0
0 0 0 0 0 43 0 0 0 0
0 0 0 0 0 0 0 42 0 0
0 0 0 0 0 0 0 0 0 0
0 0 0 0 0 0 33 0 0 0
0 0 0 0 0 0 0 0 0 0
0 0 0 0 0 0 0 42 0 0
0 0 0 0 0 43 0 0 0 0
0 0 0 0 0 0 0 42 0 0
0 0 0 0 0 0 0 0 0 0
0 0 0 0 0 0 33 0 0 0
0 0 0 0 0 0 0 0 0 0
16 0 0 16 0 0 16 0 0 16
29 0 0 0 0 0 0 0 0 0
0 0 0 0 0 0 0 0 0 0
0 0 0 0 0 0 0 0 0 0
0 0 0 0 0 0 0 0 0 0
4 5 4 3 2 1 4 5 2 1

4 5 4 3 2 1 4 5 2 1
0 0 0 0 0 0 0 0 0 0
0 0 0 0 0 0 0 0 0 0
0 0 0 0 0 0 0 0 0 0
0 0 0 0 0 0 0 0 0 0
30 0 0 0 0 0 0 0 0 0
16 0 0 16 0 0 16 0 0 16
0 0 0 0 17 17 0 0 0 0
0 0 0 0 17 17 0 0 0 0
0 0 0 0 17 17 0 0 0 0
0 0 0 0 0 0 0 44 0 0
0 0 0 0 0 43 0 0 0 0
0 0 0 0 0 0 0 42 0 0
0 0 0 0 17 17 0 0 0 0
0 0 0 0 17 17 0 0 0 0
0 0 0 0 17 17 0 0 0 0
0 0 0 0 0 0 0 44 0 0
0 0 0 0 0 43 0 0 0 0
0 0 0 0 0 0 0 42 0 0
16 0 0 16 0 0 16 0 0 16
29 0 0 0 0 0 0 0 0 0
0 0 0 0 0 0 0 0 0 0
0 0 0 0 0 0 0 0 0 0
0 0 0 0 0 0 0 0 0 0
4 5 4 3 2 1 4 5 2 1

4 5 4 3 2 1 4 5 2 1
0 0 0 0 0 0 0 0 0 0
0 0 0 0 0 0 0 0 0 0
0 0 0 0 0 0 0 0 0 0
0 0 0 0 0 0 0 0 0 0
30 0 0 0 0 0 0 0 0 0
16 0 0 16 0 0 16 0 0 16
0 0 0 0 0 0 0 17 17 17
0 0 0 0 35 0 0 17 17 17
0 0 0 0 0 0 0 17 17 17
0 0 0 0 0 0 0 44 0 0
0 0 0 0 0 43 0 0 0 0
0 0 0 0 0 0 0 42 0 0
0 0 0 0 0 0 0 17 17 17
0 0 0 0 35 0 0 17 17 17
0 0 0 0 0 0 0 17 17 17
0 0 0 0 0 0 0 44 0 0
0 0 0 0 0 43 0 0 0 0
0 0 0 0 0 0 0 42 0 0
16 0 0 16 0 0 16 0 0 16
29 0 0 0 0 0 0 0 0 0
0 0 0 0 0 0 0 0 0 0
0 0 0 0 0 0 0 0 0 0
0 0 0 0 0 0 0 0 0 0
4 5 4 3 2 1 4 5 2 1

4 5 4 3 2 1 4 5 2 1
0 0 0 0 0 0 0 0 0 0
0 0 0 0 0 0 0 0 0 0
0 0 0 0 0 0 0 0 0 0
0 0 0 0 0 0 0 0 0 0
30 0 0 0 0 0 0 0 0 0
16 0 0 16 0 0 16 0 0 16
0 0 0 0 0 0 0 17 17 17
0 0 0 0 35 0 0 17 17 17
0 0 0 0 0 0 0 17 17 17
0 0 0 0 0 0 0 44 0 0
0 0 0 0 0 43 0 0 0 0
0 0 0 0 0 0 0 42 0 0
0 0 0 0 0 0 0 17 17 17
0 0 0 0 35 0 0 17 17 17
0 0 0 0 0 0 0 17 17 17
0 0 0 0 0 0 0 44 0 0
0 0 0 0 0 43 0 0 0 0
0 0 0 0 0 0 0 42 0 0
16 0 0 16 0 0 16 0 0 16
29 0 0 0 0 0 0 0 0 0
0 0 0 0 0 0 0 0 0 0
0 0 0 0 0 0 0 0 0 0
0 0 0 0 0 0 0 0 0 0
4 5 4 3 2 1 4 5 2 1

4 5 4 3 2 1 4 5 2 1
0 0 0 0 0 0 0 0 0 0
0 0 0 0 0 0 0 0 0 0
0 0 0 0 0 0 0 0 0 0
0 0 0 0 0 0 0 0 0 0
30 0 0 0 0 0 0 0 0 0
16 0 0 16 0 0 16 0 0 16
0 0 0 0 0 0 0 43 0 0
0 0 0 35 0 0 0 0 44 0
0 0 0 0 0 0 0 44 0 0
0 0 0 0 0 0 0 0 42 0
0 0 0 0 0 0 0 0 0 0
0 0 0 0 0 0 0 0 0 0
0 0 0 0 0 0 0 43 0 0
0 0 0 35 0 0 0 0 44 0
0 0 0 0 0 0 0 44 0 0
0 0 0 0 0 0 0 0 42 0
0 0 0 0 0 0 0 0 0 0
0 0 0 0 0 0 0 0 0 0
16 0 0 16 0 0 16 0 0 16
29 0 0 0 0 0 0 0 0 0
0 0 0 0 0 0 0 0 0 0
0 0 0 0 0 0 0 0 0 0
0 0 0 0 0 0 0 0 0 0
4 5 4 3 2 1 4 5 2 1

4 5 4 3 2 1 4 5 2 1
0 0 0 0 0 0 0 0 0 0
0 0 0 0 0 0 0 0 0 0
0 0 0 0 0 0 0 0 0 0
0 0 0 0 0 0 0 0 0 0
30 0 0 0 0 0 0 0 0 0
16 0 0 16 0 0 16 0 0 16
34 34 34 34 34 34 34 34 34 34
34 34 34 34 34 34 34 34 34 34
34 34 34 34 34 34 34 34 34 34
34 34 34 34 34 34 34 34 34 34
34 34 34 34 34 34 34 34 34 34
34 34 34 34 34 34 34 34 34 34
34 34 34 34 34 34 34 34 34 34
34 34 34 34 34 34 34 34 34 34
34 34 34 34 34 34 34 34 34 34
34 34 34 34 34 34 34 34 34 34
34 34 34 34 34 34 34 34 34 34
34 34 34 34 34 34 34 34 34 34
16 0 0 16 0 0 16 0 0 16
29 0 0 0 0 0 0 0 0 0
0 0 0 0 0 0 0 0 0 0
4 0 0 0 0 0 0 0 0 0
5 0 0 0 0 0 0 0 0 0
4 5 4 3 2 1 4 5 2 1

0 0 0 0 0 0 0 0 0 0
0 0 0 0 0 0 0 0 0 0
0 0 0 0 0 0 0 0 0 0
0 0 0 0 0 0 0 0 0 0
0 0 0 0 0 0 0 0 0 0
30 0 0 0 0 0 0 0 0 0
16 0 0 16 0 0 16 0 0 16
34 34 34 34 34 34 34 34 34 34
34 34 34 34 34 34 34 34 34 34
34 34 34 34 34 34 34 34 34 34
34 34 34 34 34 34 34 34 34 34
34 34 34 34 34 34 34 34 34 34
34 34 34 34 34 34 34 34 34 34
34 34 34 34 34 34 34 34 34 34
34 34 34 34 34 34 34 34 34 34
34 34 34 34 34 34 34 34 34 34
34 34 34 34 34 34 34 34 34 34
34 34 34 34 34 34 34 34 34 34
34 34 34 34 34 34 34 34 34 34
16 0 0 16 0 0 16 0 0 16
29 0 0 0 0 0 0 0 0 0
0 0 0 0 0 0 0 0 0 0
0 0 0 0 0 0 0 0 0 0
0 0 0 0 0 0 0 0 0 0
0 0 0 0 0 0 0 0 0 0

