0

10

25
3
3
3
3
3
3
3
3
3
3
3
3
3
3
3
3
3
3
3
3
3
3
3
3
3

29

1
1
1
1
1
1
1
1
1
1
1
1
1
1
1
1
1
1
1
1
1
1
1
1
1
1
1
1
1

14 0 0 0 0 0 0 0 0 0
0 0 0 0 0 0 0 0 0 1
0 0 0 0 0 0 0 0 0 0
0 0 0 0 0 0 0 0 0 0
0 0 0 0 0 0 0 0 0 0
0 0 0 0 0 0 0 0 0 0
0 0 0 0 0 0 0 0 0 0
32 32 32 32 32 32 32 32 32 32
10 10 10 10 10 10 10 10 10 10
0 0 0 0 0 0 0 0 0 0
0 0 0 0 0 0 0 0 0 0
0 0 0 0 0 0 0 0 0 0
0 0 0 0 0 0 0 0 0 0
0 0 0 0 0 0 0 0 0 0
0 0 0 0 0 0 0 0 0 0
10 10 10 10 10 10 10 10 10 10
31 31 31 31 31 31 31 31 31 31
0 0 0 0 0 0 0 0 0 0
0 0 0 0 0 0 0 0 0 0
0 0 0 0 0 0 0 0 0 0
0 0 0 0 0 0 0 0 0 0
0 0 0 0 0 0 0 0 0 0
0 0 0 0 0 0 0 0 0 2
0 0 0 0 0 0 0 0 0 0
0 0 0 0 0 0 0 0 0 0

0 0 0 0 0 0 0 0 0 0
0 0 0 0 0 0 0 0 0 0
0 0 0 0 0 0 0 0 0 0
0 0 0 0 0 0 0 0 0 0
0 0 0 0 0 0 0 0 0 0
0 0 0 0 0 0 0 0 0 0
0 0 0 0 0 0 0 0 0 0
32 32 32 32 32 32 32 32 32 32
10 10 10 10 10 10 10 10 10 10
0 0 0 0 0 0 0 0 0 0
0 0 0 0 0 0 0 0 0 0
0 0 0 0 0 0 0 0 0 0
0 0 0 0 0 0 0 0 0 0
0 0 0 0 0 0 0 0 0 0
0 0 0 0 0 0 0 0 0 0
10 10 10 10 10 10 10 10 10 10
31 31 31 31 31 31 31 31 31 31
0 0 0 0 0 0 0 0 0 0
0 0 0 0 0 0 0 0 0 0
0 0 0 0 0 0 0 0 0 0
0 0 0 0 0 0 0 0 0 0
0 0 0 0 0 0 0 0 0 0
0 0 0 0 0 0 0 0 0 0
0 0 0 0 0 0 0 0 0 0
0 0 0 0 0 0 0 0 0 0

0 0 0 18 1 0 44 22 0 0
0 0 16 0 0 0 0 0 0 0
0 0 0 14 0 15 0 14 0 0
0 0 0 15 0 0 0 0 0 0
0 0 0 18 1 0 0 22 0 0
0 14 0 22 0 44 18 2 0 0
0 17 0 0 0 22 0 16 0 0
0 0 0 0 0 0 0 0 0 0
10 10 10 10 10 10 10 10 10 10
0 0 0 0 0 0 0 0 0 0
0 0 0 0 0 0 0 17 0 0
0 0 0 0 0 0 0 0 0 0
0 0 0 0 0 0 0 33 0 0
0 0 0 0 0 0 0 0 0 0
0 0 0 0 0 0 0 0 0 0
10 10 10 10 10 10 10 10 10 10
0 0 0 0 0 0 0 0 0 0
0 17 0 0 0 22 0 16 0 0
0 0 0 14 0 15 0 14 0 0
0 0 0 14 0 15 0 14 0 0
0 0 0 0 0 0 0 0 0 0
0 0 16 0 0 0 0 0 0 0
0 0 0 0 0 0 0 0 0 0
0 0 0 15 0 0 0 0 0 0
0 17 0 0 0 22 0 16 0 0

0 0 0 14 0 15 0 14 0 0
0 17 0 0 0 22 0 16 0 0
0 0 0 0 0 0 0 0 0 0
0 0 0 15 0 0 0 0 0 0
0 0 0 14 0 15 0 14 0 0
0 0 0 0 0 0 0 0 0 0
0 17 0 0 0 22 0 16 0 0
0 0 0 0 0 0 0 0 0 0
10 10 10 10 10 10 10 10 10 10
0 0 0 0 0 0 0 17 0 0
0 0 0 0 0 0 0 17 0 0
0 0 0 0 0 0 0 17 0 0
0 0 0 0 0 0 0 17 0 0
0 0 0 0 0 0 0 17 0 0
0 0 0 0 0 0 0 49 0 0
10 10 10 10 10 10 10 10 10 10
0 0 0 0 0 0 0 0 0 0
0 0 0 0 0 0 0 0 0 0
0 0 16 0 0 0 0 0 0 0
0 0 16 0 0 0 0 0 0 0
0 0 0 14 0 15 0 14 0 0
0 0 0 14 0 15 0 14 0 0
0 0 0 18 1 0 44 22 0 0
0 0 0 0 0 0 0 0 0 0
0 17 0 0 0 22 0 16 0 0

0 17 0 0 0 22 0 16 0 0
0 0 16 0 0 0 0 0 0 0
0 0 16 0 0 0 0 0 0 0
0 0 16 0 0 0 0 0 0 0
0 14 0 22 0 0 18 2 0 0
0 0 0 18 1 0 44 22 0 0
0 14 0 22 0 0 18 2 0 0
0 0 0 0 0 0 0 0 0 0
10 10 10 10 10 10 10 10 10 10
0 0 0 0 0 0 0 17 0 0
0 0 0 0 0 0 0 17 0 0
0 0 0 0 0 0 0 49 0 0
0 0 0 0 0 0 0 17 0 0
0 0 0 0 0 0 0 17 0 0
0 0 0 0 0 0 0 17 0 0
10 10 10 10 10 10 10 10 10 10
0 0 0 0 0 0 0 0 0 0
0 0 16 0 0 0 0 0 0 0
0 0 0 0 0 0 0 0 16 0
0 14 0 22 0 44 18 2 0 0
0 0 0 18 1 0 0 22 0 0
0 14 0 22 0 44 18 2 0 0
0 0 0 0 0 0 0 0 0 0
0 17 0 0 0 22 0 16 0 0
0 0 0 14 0 15 0 14 0 0

0 0 16 0 0 0 0 0 0 0
0 14 0 22 0 44 18 2 0 0
0 17 0 0 0 22 0 16 0 0
0 0 0 14 0 15 0 14 0 0
0 0 0 0 0 0 0 0 0 0
0 0 0 15 0 0 0 0 0 0
0 0 0 0 1 0 0 0 0 0
0 0 0 0 0 0 0 0 0 0
10 10 10 10 10 10 10 10 10 10
0 0 0 0 0 0 0 0 0 33
0 0 0 0 0 0 0 0 0 17
0 0 0 49 0 0 17 0 0 17
0 0 0 0 0 0 17 0 0 17
0 0 0 0 0 0 17 0 0 17
0 0 0 0 0 0 17 0 0 17
10 10 10 10 10 10 10 10 10 10
0 0 0 0 0 0 0 0 0 0
0 0 0 18 1 0 44 22 0 0
0 0 0 15 0 0 0 0 0 0
0 0 0 14 0 15 0 14 0 0
0 14 0 22 0 44 18 2 0 0
0 0 0 15 0 0 0 0 0 0
0 14 0 22 0 44 18 2 0 0
0 0 16 0 0 0 0 0 0 0
0 14 0 22 0 44 18 2 0 0

0 17 0 0 0 22 0 16 0 0
0 0 0 14 0 15 0 14 0 0
0 0 0 15 0 0 0 0 0 0
0 17 0 0 0 22 0 16 0 0
0 0 0 14 0 15 0 14 0 0
0 0 0 0 0 0 0 0 0 0
0 17 0 0 0 22 0 16 0 0
0 0 0 0 0 0 0 0 0 0
10 10 10 10 10 10 10 10 10 10
0 0 0 0 0 0 0 0 0 0
0 0 0 49 0 0 0 0 0 0
0 0 0 0 0 0 0 0 0 0
0 0 0 0 0 0 0 0 0 0
0 0 0 0 0 0 0 0 0 0
0 0 0 0 0 0 0 33 0 0
10 10 10 10 10 10 10 10 10 10
0 0 0 0 0 0 0 0 0 0
0 0 0 18 1 0 44 22 0 0
0 0 16 0 0 0 0 0 0 0
0 0 0 14 0 15 0 14 0 0
0 17 0 0 0 22 0 16 0 0
0 0 0 14 0 15 0 14 0 0
0 14 0 22 0 44 18 2 0 0
0 0 0 18 1 0 44 22 0 0
0 0 0 0 0 0 0 0 0 0

0 0 16 0 0 0 0 0 0 0
0 0 0 0 0 0 0 0 0 0
0 0 0 14 0 15 0 14 0 0
0 17 0 0 0 22 0 16 0 0
0 0 0 14 0 15 0 14 0 0
0 14 0 22 0 44 18 2 0 0
0 0 0 18 1 0 44 22 0 0
0 0 0 0 0 0 0 0 0 0
10 10 10 10 10 10 10 10 10 10
17 0 0 0 0 17 0 0 0 0
17 0 0 0 0 17 0 0 0 0
17 0 0 0 0 0 0 0 0 36
17 0 0 0 0 0 0 0 0 0
17 0 0 0 0 17 0 0 0 0
17 0 0 0 0 17 0 0 0 0
10 10 10 10 10 10 10 10 10 10
0 0 0 0 0 0 0 0 0 0
0 0 16 0 0 0 0 0 0 0
0 0 0 0 0 0 0 0 0 0
0 0 0 14 0 15 0 14 0 0
0 17 0 0 0 22 0 16 0 0
0 0 0 14 0 15 0 14 0 0
0 14 0 22 0 44 18 2 0 0
0 0 0 18 1 0 44 22 0 0
0 0 0 0 0 0 0 0 0 0

0 14 0 22 0 44 18 2 0 0
0 0 16 0 0 0 0 0 0 0
0 14 0 22 0 44 18 2 0 0
0 0 16 0 0 0 0 0 0 0
0 14 0 22 0 44 18 2 0 0
0 17 0 0 0 22 0 16 0 0
0 0 0 14 0 15 0 14 0 0
0 0 0 0 0 0 0 0 0 0
10 10 10 10 10 10 10 10 10 10
0 0 0 0 17 0 0 0 0 0
0 0 0 0 17 0 0 0 0 0
0 0 49 0 17 0 0 0 0 0
0 0 0 0 17 0 0 0 0 0
0 0 0 0 17 0 0 0 0 0
0 0 0 0 17 0 0 0 0 0
10 10 10 10 10 10 10 10 10 10
0 0 0 0 0 0 0 0 0 0
0 0 0 15 0 0 0 0 0 0
0 0 0 18 1 0 44 22 0 0
0 0 16 0 0 0 0 0 0 0
0 0 0 0 0 0 0 0 0 0
0 0 0 14 0 15 0 14 0 0
0 0 16 0 0 0 0 0 0 0
0 0 0 18 1 0 44 22 0 0
0 0 0 18 1 0 44 22 0 0

0 0 0 14 0 15 0 14 0 0
0 0 0 0 0 0 0 0 0 0
0 0 0 15 0 0 0 0 0 0
0 0 0 0 0 0 0 0 0 0
0 0 16 0 0 0 0 0 0 0
0 14 0 22 0 44 18 2 0 0
0 0 0 18 1 0 44 22 0 0
0 0 0 0 0 0 0 0 0 0
10 10 10 10 10 10 10 10 10 10
0 0 0 0 17 0 0 0 0 0
0 0 0 0 17 0 0 0 0 0
0 0 0 0 17 0 0 0 0 0
0 0 0 0 17 0 0 0 0 0
0 0 0 0 17 0 0 0 0 0
0 0 0 0 17 0 0 0 0 49
10 10 10 10 10 10 10 10 10 10
0 0 0 0 0 0 0 0 0 0
0 0 0 15 0 0 0 0 0 0
0 14 0 22 0 44 18 2 0 0
0 0 16 0 0 0 0 0 0 0
0 0 0 18 1 0 44 22 0 0
0 0 0 14 0 15 0 14 0 0
0 0 0 14 0 15 0 14 0 0
0 0 0 18 1 0 44 22 0 0
0 17 0 0 0 22 0 16 0 0

0 17 0 0 0 22 0 16 0 0
0 0 0 15 0 0 0 0 0 0
0 0 0 15 0 0 0 0 0 0
0 14 0 22 0 44 18 2 0 0
0 17 0 0 0 22 0 16 0 0
0 14 0 22 0 44 18 2 0 0
0 14 0 22 0 44 18 2 0 0
0 0 0 0 0 0 0 0 0 0
10 10 10 10 10 10 10 10 10 10
0 0 0 0 0 0 0 0 0 0
0 0 0 0 44 0 0 0 0 0
0 0 0 0 0 0 0 0 0 0
0 0 0 0 0 0 0 0 0 0
0 0 0 0 49 0 0 0 0 0
0 0 0 0 0 0 0 0 0 0
10 10 10 10 10 10 10 10 10 10
0 0 0 0 0 0 0 0 0 0
0 17 0 0 0 22 0 16 0 0
0 0 0 18 1 0 44 22 0 0
0 0 0 0 0 0 0 0 0 0
0 14 0 22 0 44 18 2 0 0
0 0 0 0 0 0 0 0 0 0
0 17 0 0 0 22 0 16 0 0
0 0 0 15 0 0 0 0 0 0
0 0 0 15 0 0 0 0 0 0

0 14 0 22 0 44 18 2 0 0
0 0 0 15 0 0 0 0 0 0
0 0 0 0 0 0 0 0 0 0
0 14 0 22 0 44 18 2 0 0
0 0 16 0 0 0 0 0 0 0
0 14 0 22 0 44 18 2 0 0
0 0 16 0 0 0 0 0 0 0
0 0 0 0 0 0 0 0 0 0
10 10 10 10 10 10 10 10 10 10
0 0 0 0 0 17 0 0 0 0
0 0 49 0 0 17 0 0 0 0
0 0 0 0 0 0 0 17 0 0
0 0 0 0 0 0 0 17 0 0
0 0 0 0 0 0 0 0 0 17
0 0 0 0 0 0 49 0 0 17
10 10 10 10 10 10 10 10 10 10
0 0 0 0 0 0 0 0 0 0
0 0 0 15 0 0 0 0 0 0
0 14 0 22 0 44 18 2 0 0
0 0 16 0 0 0 0 0 0 0
0 0 0 18 1 0 44 22 0 0
0 0 0 14 0 15 0 14 0 0
0 0 0 14 0 15 0 14 0 0
0 0 0 18 1 0 44 22 0 0
0 17 0 0 0 22 0 16 0 0

0 0 0 14 0 15 0 14 0 0
0 0 0 15 0 0 0 0 0 0
0 0 0 15 0 0 0 0 0 0
0 0 0 0 0 0 0 0 0 0
0 0 0 14 0 15 0 14 0 0
0 0 16 0 0 0 0 0 0 0
0 0 0 0 0 0 0 0 0 0
0 0 0 0 0 0 0 0 0 0
10 10 10 10 10 10 10 10 10 10
0 0 0 0 0 0 0 0 0 0
0 0 0 0 0 0 0 0 0 0
0 0 0 0 0 49 0 0 0 0
0 0 0 0 0 0 0 0 0 0
0 0 0 0 0 44 0 0 0 0
0 0 0 0 0 0 0 0 0 0
10 10 10 10 10 10 10 10 10 10
0 0 0 0 0 0 0 0 0 0
0 0 0 15 0 0 0 0 0 0
0 0 0 0 0 0 0 0 0 0
0 0 0 18 1 0 44 22 0 0
0 17 0 0 0 22 0 16 0 0
0 17 0 0 0 22 0 16 0 0
0 0 16 0 0 0 0 0 0 0
0 17 0 0 0 22 0 16 0 0
0 0 0 14 0 15 0 14 0 0

0 0 0 15 0 0 0 0 0 0
0 14 0 22 0 44 18 2 0 0
0 0 0 15 0 0 0 0 0 0
0 0 0 14 0 15 0 14 0 0
0 0 0 0 0 0 0 0 0 0
0 0 0 0 0 0 0 0 0 0
0 14 0 22 0 44 18 2 0 0
0 0 0 0 0 0 0 0 0 0
10 10 10 10 10 10 10 10 10 10
0 0 0 0 0 17 0 0 0 33
0 0 0 0 0 17 0 0 0 0
0 0 0 0 0 0 0 0 0 17
0 0 0 0 0 0 49 0 0 17
0 0 0 0 0 0 0 0 0 17
0 0 0 0 0 0 0 0 0 17
10 10 10 10 10 10 10 10 10 10
0 0 0 0 0 0 0 0 0 0
0 0 0 18 1 0 44 22 0 0
0 0 0 15 0 0 0 0 0 0
0 0 16 0 0 0 0 0 0 0
0 0 0 0 0 0 0 0 0 0
0 17 0 0 0 22 0 16 0 0
0 0 0 0 0 0 0 0 0 0
0 14 0 22 0 44 18 2 0 0
0 17 0 0 0 22 0 16 0 0

0 17 0 0 0 22 0 16 0 0
0 0 16 0 0 0 0 0 0 0
0 17 0 0 0 22 0 16 0 0
0 14 0 22 0 44 18 2 0 0
0 17 0 0 0 22 0 16 0 0
0 14 0 22 0 44 18 2 0 0
0 0 0 15 0 0 0 0 0 0
0 0 0 0 0 0 0 0 0 0
10 10 10 10 10 10 10 10 10 10
0 0 0 0 0 45 0 0 0 0
0 0 0 0 0 0 0 0 0 0
0 0 0 0 0 0 0 0 49 0
0 0 0 0 0 45 0 0 0 0
0 0 0 0 0 0 0 0 0 0
0 0 0 0 0 0 0 0 0 0
10 10 10 10 10 10 10 10 10 10
0 0 0 0 0 0 0 0 0 0
0 0 0 18 1 0 44 22 0 0
0 14 0 22 0 44 18 2 0 0
0 0 0 0 0 0 0 0 0 0
0 0 0 15 0 0 0 0 0 0
0 0 0 0 0 0 0 0 0 0
0 0 16 0 0 0 0 0 0 0
0 0 0 18 1 0 44 22 0 0
0 0 0 0 0 0 0 0 0 0

15 15 15 15 14 15 16 14 15 16
0 0 0 0 0 0 0 0 2 16
0 0 0 0 0 0 0 0 0 0
0 0 0 0 0 0 0 0 0 15
0 0 0 0 0 0 0 0 0 0
0 0 0 0 0 1 0 0 0 0
0 0 0 0 0 0 0 0 0 14
32 32 32 0 32 32 32 32 32 32
10 10 10 0 10 10 10 10 10 10
0 0 0 0 0 17 0 0 0 0
0 0 0 0 0 17 0 0 0 0
0 0 0 0 0 33 0 0 17 0
0 0 0 17 0 0 0 0 17 0
0 0 0 17 0 0 0 0 17 0
0 0 0 17 0 0 0 0 17 0
10 10 10 10 10 10 10 10 10 10
31 31 31 31 31 31 31 31 31 31
0 0 0 0 0 0 0 0 0 15
0 0 0 0 0 0 0 0 0 14
0 0 0 0 0 0 0 0 0 0
0 0 0 0 0 0 0 0 15 0
0 0 0 0 0 0 0 0 0 16
0 0 0 0 0 0 0 0 0 0
0 16 0 0 0 2 0 0 0 14
15 0 1 0 0 0 0 0 14 1

0 0 0 18 1 0 44 22 0 0
0 17 0 0 0 22 0 16 0 0
0 0 0 15 0 0 0 0 0 0
0 0 0 18 1 0 44 22 0 0
0 14 0 22 0 44 18 2 0 0
0 0 0 0 0 0 0 0 0 0
0 14 0 22 0 44 18 2 0 0
0 0 0 0 0 0 0 0 0 0
10 10 10 10 10 10 10 10 10 10
0 17 0 0 0 0 0 17 0 0
0 17 0 0 0 0 0 17 0 0
0 0 0 0 17 0 0 33 0 0
0 0 0 0 0 0 0 0 0 0
0 0 0 0 0 44 0 0 0 0
0 0 0 0 0 0 0 0 0 0
10 10 10 10 10 10 10 10 10 10
0 0 0 0 0 0 0 0 0 0
0 14 0 22 0 44 18 2 0 0
0 0 0 14 0 15 0 14 0 0
0 0 16 0 0 0 0 0 0 0
0 0 0 0 0 0 0 0 0 0
0 0 0 18 1 0 44 22 0 0
0 0 0 0 0 0 0 0 0 0
0 0 0 0 0 0 0 0 0 0
0 0 0 0 0 0 0 0 0 0

0 17 0 0 0 22 0 16 0 0
0 0 0 0 0 0 0 0 0 0
0 17 0 0 0 22 0 16 0 0
0 0 0 15 0 0 0 0 0 0
0 17 0 0 0 22 0 16 0 0
0 0 0 0 0 0 0 0 0 0
0 0 16 0 0 0 0 0 0 0
0 0 0 0 0 0 0 0 0 0
10 10 10 10 10 10 10 10 10 10
0 0 0 0 0 0 17 0 0 0
0 0 0 0 0 36 17 0 0 0
0 0 0 0 0 0 17 0 0 0
0 0 0 0 0 0 17 0 0 0
0 0 0 0 0 0 17 0 0 0
0 0 0 0 0 0 17 0 0 0
10 10 10 10 10 10 10 10 10 10
0 0 0 0 0 0 0 0 0 0
0 0 16 0 0 0 0 0 0 0
0 0 0 0 0 0 0 0 0 0
0 0 16 0 0 0 0 0 0 0
0 14 0 22 0 44 18 2 0 0
0 17 0 0 0 22 0 16 0 0
0 0 16 0 0 0 0 0 0 0
0 0 0 0 0 0 0 0 0 0
0 0 0 14 0 15 0 14 0 0

0 0 0 18 1 0 44 22 0 0
0 0 0 0 0 0 0 0 0 0
0 17 0 0 0 22 0 16 0 0
0 0 0 14 0 15 0 14 0 0
0 0 16 0 0 0 0 0 0 0
0 0 16 0 0 0 0 0 0 0
0 0 16 0 0 0 0 0 0 0
0 0 0 0 0 0 0 0 0 0
10 10 10 10 10 10 10 10 10 10
0 0 0 0 17 17 0 0 0 0
0 0 0 0 17 17 0 0 0 49
0 0 0 0 17 17 0 0 0 0
0 0 0 0 17 17 0 0 0 0
0 0 0 0 17 17 0 0 0 0
0 0 0 0 17 17 0 0 0 0
10 10 10 10 10 10 10 10 10 10
0 0 0 0 0 0 0 0 0 0
0 0 0 14 0 15 0 14 0 0
0 0 0 14 0 15 0 14 0 0
0 0 0 0 0 0 0 0 0 0
0 17 0 0 0 22 0 16 0 0
0 14 0 22 0 44 18 2 0 0
0 0 0 14 0 15 0 14 0 0
0 0 16 0 0 0 0 0 0 0
0 0 0 0 0 0 0 0 0 0

0 0 0 15 0 0 0 0 0 0
0 0 0 18 1 0 44 22 0 0
0 0 0 18 1 0 44 22 0 0
0 0 0 14 0 15 0 14 0 0
0 0 0 15 0 0 0 0 0 0
0 0 16 0 0 0 0 0 0 0
0 0 0 18 1 0 44 22 0 0
0 0 0 0 0 0 0 0 0 0
10 10 10 10 10 10 10 10 10 10
0 0 0 17 17 17 0 0 0 0
0 0 0 17 17 17 0 0 0 0
0 0 0 17 17 17 0 0 0 0
0 0 0 17 17 17 0 0 0 0
0 0 0 17 17 17 0 0 0 33
0 0 0 17 17 17 0 0 0 0
10 10 10 10 10 10 10 10 10 10
0 0 0 0 0 0 0 0 0 0
0 0 0 18 1 0 44 22 0 0
0 14 0 22 0 44 18 2 0 0
0 0 0 14 0 15 0 14 0 0
0 0 0 0 0 0 0 0 0 0
0 0 0 18 1 0 44 22 0 0
0 0 0 14 0 15 0 14 0 0
0 0 0 0 0 0 0 0 0 0
0 0 0 0 0 0 0 0 0 0

0 17 0 0 0 22 0 16 0 0
0 0 16 0 0 0 0 0 0 0
0 0 0 14 0 15 0 14 0 0
0 0 16 0 0 0 0 0 0 0
0 17 0 0 0 22 0 16 0 0
0 0 16 0 0 0 0 0 0 0
0 17 0 0 0 22 0 16 0 0
0 0 0 0 0 0 0 0 0 0
10 10 10 10 10 10 10 10 10 10
0 0 0 17 17 0 0 0 0 0
0 0 0 17 17 0 0 0 0 0
0 0 0 17 17 0 0 0 33 0
0 0 0 17 17 0 0 0 0 0
0 0 0 17 17 0 0 0 0 0
0 0 0 17 17 0 0 0 0 0
10 10 10 10 10 10 10 10 10 10
0 0 0 0 0 0 0 0 0 0
0 0 16 0 0 0 0 0 0 0
0 0 0 14 0 15 0 14 0 0
0 0 16 0 0 0 0 0 0 0
0 14 0 22 0 44 18 2 0 0
0 0 0 15 0 0 0 0 0 0
0 0 0 14 0 15 0 14 0 0
0 17 0 0 0 22 0 16 0 0
0 0 16 0 0 0 0 0 0 0

0 0 0 0 0 0 0 0 0 0
0 17 0 0 0 22 0 16 0 0
0 0 0 14 0 15 0 14 0 0
0 0 0 0 0 0 0 0 0 0
0 0 16 0 0 0 0 0 0 0
0 0 0 14 0 15 0 14 0 0
0 0 0 0 0 0 0 0 0 0
0 0 0 14 0 15 0 14 0 0
10 10 10 10 10 10 10 10 10 10
0 0 0 0 43 0 0 0 0 0
0 0 0 0 0 0 0 44 0 0
0 0 0 0 0 42 0 0 0 0
0 0 0 0 0 0 0 0 0 0
0 0 0 49 0 0 0 0 0 0
0 0 0 0 0 43 0 0 0 0
10 10 10 10 10 10 10 10 10 10
0 0 0 0 0 0 0 0 0 0
0 14 0 22 0 44 18 2 0 0
0 17 0 0 0 22 0 16 0 0
0 0 0 18 1 0 44 22 0 0
0 0 16 0 0 0 0 0 0 0
0 0 0 18 1 0 44 22 0 0
0 0 0 0 0 0 0 0 0 0
0 0 0 0 0 0 0 0 0 0
0 0 0 15 0 0 0 0 0 0

0 0 0 0 0 0 0 0 0 0
0 14 0 22 0 44 18 2 0 0
0 0 0 18 1 0 44 22 0 0
0 0 0 14 0 15 0 14 0 0
0 0 0 14 0 15 0 14 0 0
0 0 16 0 0 0 0 0 0 0
0 17 0 0 0 22 0 16 0 0
0 0 0 0 0 0 0 0 0 0
10 10 10 10 10 10 10 10 10 10
0 0 17 0 0 17 0 0 0 0
0 0 17 0 0 17 0 0 0 0
0 0 0 0 36 17 0 0 0 0
0 0 17 0 0 17 0 0 0 0
0 0 17 0 0 17 0 0 0 0
0 0 17 0 0 17 0 0 0 0
10 10 10 10 10 10 10 10 10 10
0 0 0 0 0 0 0 0 0 0
0 0 0 0 0 0 0 0 0 0
0 0 0 15 0 0 0 0 0 0
0 0 0 15 0 0 0 0 0 0
0 0 16 0 0 0 0 0 0 0
0 0 0 18 1 0 44 22 0 0
0 14 0 22 0 44 18 2 0 0
0 17 0 0 0 22 0 16 0 0
0 0 16 0 0 0 0 0 0 0

0 0 16 0 0 0 0 0 0 0
0 0 0 18 1 0 44 22 0 0
0 0 0 0 0 0 0 0 0 0
0 14 0 22 0 44 18 2 0 0
0 17 0 0 0 22 0 16 0 0
0 0 0 14 0 15 0 14 0 0
0 0 0 15 0 0 0 0 0 0
0 0 0 0 0 0 0 0 0 0
10 10 10 10 10 10 10 10 10 10
0 0 17 0 0 0 0 0 17 0
0 0 17 0 0 33 0 0 17 0
0 0 17 0 0 0 0 0 17 0
0 0 17 0 0 0 0 0 17 0
0 0 17 0 0 0 0 0 17 0
0 0 17 0 0 0 0 0 17 0
10 10 10 10 10 10 10 10 10 10
0 0 0 0 0 0 0 0 0 0
0 14 0 22 0 44 18 2 0 0
0 17 0 0 0 22 0 16 0 0
0 0 0 14 0 15 0 14 0 0
0 14 0 22 0 44 18 2 0 0
0 0 0 0 0 0 0 0 0 0
0 0 0 0 0 0 0 0 0 0
0 0 0 15 0 0 0 0 0 0
0 0 0 15 0 0 0 0 0 0

0 0 0 14 0 15 0 14 0 0
0 0 0 15 0 0 0 0 0 0
0 0 0 0 0 0 0 0 0 0
0 0 0 0 0 0 0 0 0 0
0 17 0 0 0 22 0 16 0 0
0 0 16 0 0 0 0 0 0 0
0 17 0 0 0 22 0 16 0 0
0 0 0 0 0 0 0 0 0 0
10 10 10 10 10 10 10 10 10 10
0 0 0 0 0 0 0 0 0 0
0 0 0 0 0 33 0 0 0 0
0 0 0 0 0 0 0 0 0 0
0 0 0 0 0 42 0 0 0 0
0 0 0 0 0 0 0 43 0 0
0 0 0 0 0 44 0 0 0 0
10 10 10 10 10 10 10 10 10 10
0 0 0 0 0 0 0 0 0 0
0 0 0 15 0 0 0 0 0 0
0 17 0 0 0 22 0 16 0 0
0 14 0 22 0 44 18 2 0 0
0 0 0 0 0 0 0 0 0 0
0 17 0 0 0 22 0 16 0 0
0 14 0 22 0 44 18 2 0 0
0 0 0 15 0 0 0 0 0 0
0 14 0 22 0 44 18 2 0 0

0 14 0 22 0 44 18 2 0 0
0 0 0 0 0 0 0 0 0 0
0 0 0 18 1 0 44 22 0 0
0 0 0 0 0 0 0 0 0 0
0 0 0 0 0 0 0 0 0 0
0 17 0 0 0 22 0 16 0 0
0 0 0 15 0 0 0 0 0 0
0 0 0 0 0 0 0 0 0 0
10 10 10 10 10 10 10 10 10 10
0 0 17 0 0 0 0 0 0 0
0 0 17 0 0 0 0 0 0 0
0 0 17 0 0 0 0 0 33 0
0 0 17 0 0 0 0 0 0 0
0 0 17 0 0 0 0 0 0 0
0 0 17 0 0 0 0 0 0 0
10 10 10 10 10 10 10 10 10 10
0 0 0 0 0 0 0 0 0 0
0 0 0 18 1 0 44 22 0 0
0 0 0 0 0 0 0 0 0 0
0 0 0 0 0 0 0 0 0 0
0 0 0 18 1 0 44 22 0 0
0 17 0 0 0 22 0 16 0 0
0 0 0 15 0 0 0 0 0 0
0 0 0 18 1 0 44 22 0 0
0 14 0 22 0 44 18 2 0 0

1 0 0 0 0 0 0 0 0 0
0 0 0 0 0 0 0 15 0 0
0 0 0 0 0 0 0 0 0 0
0 0 0 0 0 0 0 0 0 0
0 0 0 0 0 0 0 14 0 0
0 0 0 0 0 0 0 0 0 0
0 0 0 0 0 0 0 0 0 0
32 32 32 32 32 32 32 32 32 32
10 10 10 10 10 10 10 10 10 10
34 34 34 34 34 34 34 34 34 34
34 34 34 34 34 34 34 34 34 34
34 34 34 34 34 34 34 34 34 34
34 34 34 34 34 34 34 34 34 34
34 34 34 34 34 34 34 34 34 34
34 34 34 34 34 34 34 34 34 34
10 10 10 10 10 10 10 10 10 10
31 31 31 31 31 31 31 31 31 31
0 0 0 0 0 0 0 0 0 0
0 15 0 0 0 0 0 0 0 0
0 0 0 0 0 0 0 0 0 0
0 0 0 0 0 0 0 0 0 16
0 0 0 0 0 0 0 0 0 0
0 0 0 0 0 0 0 0 0 0
0 0 0 0 0 0 0 0 0 0
0 0 0 0 0 0 0 0 0 2

14 15 14 15 14 15 14 15 14 15
1 0 0 0 0 0 0 0 0 16
0 0 0 0 0 0 0 0 0 0
0 0 0 0 0 15 0 0 0 0
15 0 0 0 0 0 0 0 2 15
0 0 0 0 0 0 0 0 0 0
0 16 0 0 0 0 0 0 0 0
32 32 32 32 32 32 32 32 32 32
10 10 10 10 10 10 10 10 10 10
34 34 34 34 34 34 34 34 34 34
34 34 34 34 34 34 34 34 34 34
34 34 34 34 34 34 34 34 34 34
34 34 34 34 34 34 34 34 34 34
34 34 34 34 34 34 34 34 34 34
34 34 34 34 34 34 34 34 34 34
10 10 10 10 10 10 10 10 10 10
31 31 31 31 31 31 31 31 31 31
0 0 0 0 0 0 0 0 0 0
0 0 0 0 0 0 15 0 0 16
0 0 0 0 0 0 0 0 0 0
0 0 0 0 0 0 0 0 0 15
0 0 0 0 0 0 0 0 0 14
0 0 0 0 0 0 0 0 0 16
14 0 0 0 0 0 0 0 0 0
14 15 14 15 14 15 14 15 14 15

14 15 14 15 14 15 15 15 15 15
0 0 0 0 0 14 15 16 14 15
14 15 16 14 15 16 14 0 0 0
0 0 0 0 0 0 0 14 0 0
14 15 14 15 14 15 14 15 14 15
0 0 0 0 0 0 0 0 14 15
0 0 0 0 14 0 0 16 0 14
32 32 32 32 32 32 32 32 32 32
10 10 10 10 10 10 10 10 10 10
34 34 34 34 34 34 34 34 34 34
34 34 34 34 34 34 34 34 34 34
34 34 34 34 34 34 34 34 34 34
34 34 34 34 34 34 34 34 34 34
34 34 34 34 34 34 34 34 34 34
34 34 34 34 34 34 34 34 34 34
10 10 10 10 10 10 10 10 10 10
31 31 31 31 31 31 31 31 31 31
0 0 0 0 0 14 15 16 14 15
14 15 14 15 14 15 14 15 14 15
0 0 0 0 0 0 0 0 15 16
16 14 15 14 15 16 14 15 16 14
16 14 15 14 15 16 14 15 16 14
14 15 0 0 0 0 0 14 5 1
14 15 14 15 14 15 14 15 14 15
16 14 15 14 15 16 14 15 16 14

