0

5

4
5
3
3
5

20

2 2 2 2 2
0 0 0 0 0
1 1 1 1 1
2 2 2 2 2

2 2 2 2 2
0 0 0 0 0
1 1 1 1 1
2 2 2 2 2

2 2 2 2 2
0 0 0 0 0
1 1 1 1 1
2 2 2 2 2

2 2 2 2 2
0 0 0 0 0
1 1 1 1 1
2 2 2 2 2

2 2 2 2 2
0 0 0 0 0
1 1 1 1 1
2 2 2 2 2

2 2 2 2 2 
0 0 0 0 0 
0 0 0 0 0 
2 2 2 2 2 

2 2 2 2 2 
0 0 0 0 0 
0 0 0 0 0 
2 2 2 2 2 

2 2 2 2 2 
0 0 0 0 0 
0 0 0 0 0 
2 2 2 2 2 

2 2 2 2 2 
0 0 0 0 0 
0 0 0 0 0 
2 2 2 2 2 

2 2 2 2 2 
0 0 0 0 0 
0 0 0 0 0 
2 2 2 2 2 

2 2 2 2 2
0 0 0 1 1
1 1 0 0 0
2 2 2 2 2

2 2 2 2 2 
0 0 0 0 0 
0 0 0 0 0 
2 2 2 2 2 

2 2 2 2 2 
0 0 0 0 0 
0 0 0 0 0 
2 2 2 2 2 

2 2 2 2 2 
0 0 0 0 0 
0 0 0 0 0 
2 2 2 2 2 

2 2 2 2 2 
0 0 0 0 0 
0 0 0 0 0 
2 2 2 2 2 

2 2 2 2 2 
0 0 0 0 0 
0 0 0 0 0 
2 2 2 2 2 

2 2 2 2 2
1 1 1 1 1
0 0 0 0 0
2 2 2 2 2

2 2 2 2 2
1 1 1 1 1
0 0 0 0 0
2 2 2 2 2

2 2 2 2 2
1 1 1 1 1
0 0 0 0 0
2 2 2 2 2

2 2 2 2 2
1 1 1 1 1
0 0 0 0 0
2 2 2 2 2

2 2 2 2 2
1 1 1 1 1
0 0 0 0 0
2 2 2 2 2

2 2 2 2 2 
0 0 0 0 0 
0 0 0 0 0 
2 2 2 2 2 

2 2 2 2 2 
0 0 0 0 0 
0 0 0 0 0 
2 2 2 2 2 

2 2 2 2 2 
0 0 0 0 0 
0 0 0 0 0 
2 2 2 2 2 

2 2 2 2 2 
0 0 0 0 0 
0 0 0 0 0 
2 2 2 2 2 

2 2 2 2 2 
0 0 0 0 0 
0 0 0 0 0 
2 2 2 2 2 

2 2 2 2 2
1 1 0 0 0
0 0 0 1 1
2 2 2 2 2

2 2 2 2 2 
0 0 0 0 0 
0 0 0 0 0 
2 2 2 2 2 

2 2 2 2 2 
0 0 0 0 0 
0 0 0 0 0 
2 2 2 2 2 

2 2 2 2 2 
0 0 0 0 0 
0 0 0 0 0 
2 2 2 2 2 

2 2 2 2 2 
0 0 0 0 0 
0 0 0 0 0 
2 2 2 2 2 

2 2 2 2 2 
0 0 0 0 0 
0 0 0 0 0 
2 2 2 2 2 

2 2 2 2 2
0 0 0 0 0
1 1 1 1 1
2 2 2 2 2

2 2 2 2 2
0 0 0 0 0
1 1 1 1 1
2 2 2 2 2

2 2 2 2 2
0 0 0 0 0
1 1 1 1 1
2 2 2 2 2

2 2 2 2 2
0 0 0 0 0
1 1 1 1 1
2 2 2 2 2

