0

10

25
3
3
3
3
3
3
3
3
3
3
3
3
3
3
3
3
3
3
3
3
3
3
3
3
3

30

0
0
0
0
0
0
0
0
0
0
0
0
0
0
0
0
0
0
0
0
0
0
0
0
0
0
0
0
0
0

0 0 0 0 0 0 0 0 0 0
0 0 0 0 0 0 0 0 0 0
0 0 0 0 0 0 0 0 0 0
0 0 0 0 0 0 0 0 0 0
0 0 0 0 0 0 0 0 0 0
0 0 0 0 0 0 0 0 0 0
0 0 0 0 0 0 0 0 0 0
0 0 0 0 0 0 0 0 0 0
0 0 0 0 0 0 0 0 0 0
0 0 0 0 0 0 0 0 0 0
30 0 0 0 30 0 0 0 30 0
0 0 0 0 0 0 0 0 0 0
0 0 0 0 0 0 0 0 0 0
0 0 0 0 0 0 0 0 0 0
0 0 0 0 0 0 0 0 0 0
0 0 0 0 0 0 0 0 0 0
0 0 0 0 0 0 0 0 0 0
29 0 0 0 29 0 0 0 29 0
0 0 0 0 0 0 0 0 0 0
0 0 0 0 0 0 0 0 0 0
0 0 0 0 0 0 0 0 0 0
0 0 0 0 0 0 0 0 0 0
0 0 0 0 0 0 0 0 0 0
0 0 0 0 0 0 0 0 0 0
0 0 0 0 0 0 0 0 0 0

0 0 0 0 0 0 0 0 0 0
0 0 0 0 0 0 0 0 0 0
0 0 0 0 0 0 0 0 0 0
0 0 0 0 0 0 0 0 0 0
0 0 0 0 0 0 0 0 4 5
32 32 32 32 32 32 32 32 32 32
0 0 0 0 0 0 0 0 0 0
28 28 28 28 28 28 28 28 28 28
16 16 16 16 16 16 16 16 16 16
0 0 0 0 0 0 37 0 0 17
0 0 0 0 0 0 37 0 0 17
0 0 0 0 0 0 37 0 0 17
0 0 0 0 0 0 37 0 0 17
0 0 0 0 0 0 37 0 0 17
0 0 0 0 0 0 37 0 0 17
16 16 16 16 16 16 16 16 16 16
14 14 14 14 14 14 14 14 14 14
0 0 0 0 0 0 0 0 0 0
0 0 0 0 0 0 0 0 0 0
31 31 31 31 31 31 31 31 31 31
0 0 0 0 0 0 0 0 0 0
0 0 0 0 0 0 0 0 0 0
0 0 0 0 0 0 0 0 0 0
0 0 0 0 0 0 0 0 0 0
0 0 0 0 0 0 0 0 0 0

0 0 0 0 0 0 0 0 0 0
0 0 0 0 0 0 0 0 0 0
0 0 0 0 0 0 0 0 0 0
0 0 0 0 0 0 0 0 0 0
0 0 0 0 0 0 0 0 0 0
0 0 0 0 0 0 0 0 0 0
0 0 0 0 0 0 0 0 0 0
12 12 12 12 12 12 12 12 12 12
16 16 16 16 16 16 16 16 16 16
0 0 0 0 0 0 0 38 0 0
0 0 0 0 0 0 0 38 0 0
0 0 0 0 0 0 0 38 0 17
0 0 0 0 0 0 0 38 0 17
0 0 0 0 0 0 0 38 0 33
0 0 0 0 0 0 0 38 0 0
16 16 16 16 16 16 16 16 16 16
27 27 27 27 27 27 27 27 27 27
0 0 0 0 0 0 0 0 0 0
0 0 0 0 0 0 0 0 0 0
0 0 0 0 0 0 0 0 0 0
0 0 0 0 0 0 0 0 0 0
0 0 0 0 0 0 0 0 0 0
0 0 0 0 0 0 0 0 0 0
0 0 0 0 0 0 0 0 0 0
0 0 0 0 0 0 0 0 0 0

0 0 0 0 0 0 0 0 0 0
0 0 0 0 0 0 0 0 0 0
0 0 0 0 0 0 0 0 0 0
0 0 0 0 0 0 0 0 0 0
0 0 0 0 0 0 0 0 0 0
32 32 32 32 32 32 32 32 32 32
0 0 0 0 0 0 0 0 0 0
28 28 28 28 28 28 28 28 28 28
16 16 16 16 16 16 16 16 16 16
0 0 0 39 0 0 0 0 0 0
0 0 0 39 0 0 0 0 0 0
0 0 0 39 0 0 0 0 0 0
0 0 0 39 33 33 33 0 0 0
0 0 0 39 0 0 0 0 0 0
0 0 0 39 0 0 0 0 0 0
16 16 16 16 16 16 16 16 16 16
14 14 14 14 14 14 14 14 14 14
0 0 0 0 0 5 0 0 0 0
0 0 0 0 0 0 0 0 0 0
0 0 0 0 0 0 0 0 0 0
31 31 31 31 31 31 31 31 31 31
0 0 0 0 0 0 0 0 0 0
0 0 0 0 0 0 0 0 0 0
0 0 0 0 0 0 0 0 0 0
0 0 0 0 0 0 0 0 0 0

0 0 0 0 0 0 0 0 0 0
0 0 0 0 0 0 0 0 0 0
0 0 0 0 0 0 0 0 0 0
0 0 0 0 0 0 0 0 0 0
32 32 32 32 32 32 32 32 32 32
0 0 0 0 0 0 0 0 0 0
0 0 0 0 0 0 0 0 0 0
12 12 12 12 12 12 12 12 12 12
16 16 16 16 16 16 16 16 16 16
0 0 0 0 0 0 0 0 0 40
0 0 0 0 0 0 0 0 0 40
0 0 0 33 33 33 0 0 0 40
0 0 0 0 0 0 0 0 0 40
0 0 0 0 0 0 0 0 0 40
0 0 0 0 0 0 0 0 0 40
14 14 14 14 14 14 14 14 14 14
27 27 27 27 27 27 27 27 27 27
0 0 0 0 0 0 0 0 0 0
0 0 0 0 0 0 0 0 0 0
31 31 31 31 31 31 31 31 31 31
0 0 0 0 0 0 0 0 0 0
0 0 0 0 0 0 0 0 0 0
0 0 0 0 0 0 0 0 0 0
0 0 0 0 0 0 0 0 0 0
0 0 0 0 0 0 0 0 0 0

0 0 0 0 0 0 0 0 0 0
0 0 0 0 0 0 0 0 0 0
0 0 0 0 0 11 0 0 0 0
0 0 0 0 0 0 0 0 0 0
0 0 0 0 0 0 0 0 0 0
32 32 32 32 32 32 32 32 32 32
0 0 0 0 0 0 0 0 0 0
28 28 28 28 28 28 28 28 28 28
16 16 16 16 16 16 16 16 16 16
17 0 0 0 0 0 0 0 0 0
17 0 0 0 0 0 0 0 0 0
17 0 0 0 33 33 0 33 33 0
17 0 0 0 0 0 0 33 0 0
17 0 0 0 0 0 0 0 0 0
17 0 0 0 0 0 0 0 0 0
16 16 16 16 16 16 16 16 16 16
14 14 14 14 14 14 14 14 14 14
0 0 0 0 0 0 0 0 0 0
31 31 31 31 31 31 31 31 31 31
0 0 0 0 0 0 0 0 0 0
0 0 0 0 0 0 0 0 0 0
0 0 0 0 0 0 0 0 0 0
0 0 0 0 0 0 0 0 0 0
0 0 0 0 0 0 0 0 0 0
0 0 0 0 0 0 0 0 0 0

0 0 0 0 0 0 0 0 0 0
0 0 0 0 0 0 0 0 0 0
0 0 0 0 0 0 0 0 0 0
0 0 0 0 0 0 0 0 0 0
0 0 0 0 0 0 0 0 0 0
0 0 0 0 0 0 0 0 0 0
0 0 0 0 0 0 0 0 0 0
28 28 28 28 28 28 28 28 28 28
16 16 16 16 16 16 16 16 16 16
33 0 0 0 33 0 0 0 0 0
33 0 0 0 33 0 0 0 33 0
0 0 0 0 0 0 0 0 33 0
0 0 0 0 0 0 0 0 0 0
0 0 0 0 0 0 0 0 0 0
0 0 0 0 0 0 0 0 0 0
16 16 16 16 16 16 16 16 16 16
27 27 27 27 27 27 27 27 27 27
0 0 0 0 0 0 0 0 0 0
0 0 0 0 0 0 0 0 0 0
0 0 0 0 0 0 0 0 0 0
0 0 0 0 0 0 0 0 0 0
0 0 0 0 0 0 0 0 0 0
0 0 0 0 0 0 0 0 0 0
0 0 0 0 0 0 0 0 0 0
0 0 0 0 0 0 0 0 0 0

0 0 0 0 0 0 0 0 0 3
0 0 0 0 0 0 0 0 0 0
0 0 0 0 0 0 0 0 0 0
0 0 0 0 0 0 0 0 0 0
0 0 0 3 0 0 0 0 0 0
0 0 0 0 0 0 0 0 0 0
0 0 0 0 0 0 0 0 0 0
28 28 28 28 28 9 28 28 28 28
16 16 16 16 16 16 16 16 16 16
0 0 0 0 0 0 0 0 0 0
0 0 0 0 0 0 0 0 0 0
0 33 0 0 0 0 0 0 0 0
0 33 0 0 17 0 0 33 33 0
0 0 0 0 0 0 0 0 0 0
0 0 0 0 0 0 0 0 0 0
16 16 16 16 16 0 16 16 16 16
27 27 27 27 27 0 27 27 27 27
0 0 0 0 0 0 0 0 0 0
0 0 0 0 0 0 0 0 0 0
0 0 0 0 0 11 0 0 0 0
0 0 0 0 0 0 0 0 0 2
0 0 0 0 0 0 0 0 0 0
0 0 0 0 0 0 0 0 0 0
0 0 0 0 0 0 0 0 0 0
0 0 0 0 0 0 0 0 0 0

0 0 0 0 0 0 0 0 0 0
0 0 0 0 0 0 0 0 0 0
0 0 0 0 0 0 0 0 0 0
0 0 0 0 0 0 0 0 0 0
0 0 0 0 0 0 0 0 0 0
0 0 0 0 0 0 0 0 0 0
0 0 0 0 0 0 0 0 0 0
32 32 32 32 32 32 32 32 32 32
16 16 16 16 16 16 16 16 16 16
17 17 17 17 17 17 17 17 17 17
0 0 0 0 0 0 17 0 0 0
17 17 17 17 17 17 17 17 17 17
0 0 33 33 0 0 17 0 0 0
17 17 17 17 17 17 17 17 17 17
0 0 0 0 0 0 17 0 0 0
16 16 16 16 16 16 16 16 16 16
31 31 31 31 31 31 31 31 31 31
0 0 0 0 0 0 0 0 0 0
0 0 0 0 0 0 0 0 0 0
0 0 0 0 0 0 0 0 0 0
0 0 0 0 0 0 0 0 0 0
0 0 0 0 0 0 0 0 0 0
0 0 0 0 0 0 0 0 0 0
0 0 0 0 0 0 0 0 0 0
0 0 0 0 0 0 0 0 0 0

0 0 0 0 0 0 0 0 0 0
0 0 0 0 0 0 0 0 0 0
0 0 0 0 0 0 0 0 0 0
0 0 0 0 0 0 0 0 0 0
0 0 0 0 0 0 0 0 0 0
0 0 0 0 0 0 0 0 0 0
0 0 0 0 0 0 0 0 0 0
32 32 32 32 32 32 32 32 32 32
13 13 13 13 13 13 13 13 13 13
17 17 17 17 17 17 17 17 17 17
0 0 0 33 33 0 17 0 0 0
17 17 17 17 17 17 17 17 17 17
0 0 0 0 0 0 17 0 0 0
17 17 17 17 17 17 17 17 17 17
0 0 0 0 0 0 17 0 0 0
13 13 13 13 13 13 13 13 13 13
31 31 31 31 31 31 31 31 31 31
0 0 0 0 0 0 0 0 0 0
0 0 0 0 0 0 0 0 0 6
0 0 0 0 0 0 0 0 0 0
0 0 0 0 0 0 0 0 0 0
0 0 0 0 0 0 0 0 0 0
0 0 0 0 0 0 0 0 0 0
0 0 0 0 0 0 0 0 0 0
0 0 0 0 0 0 0 0 0 0

0 0 0 0 0 0 0 0 0 0
0 0 0 0 0 0 0 0 0 1
0 0 0 0 0 0 0 0 0 0
0 0 0 0 0 0 0 0 0 0
0 0 0 0 0 0 0 0 0 0
0 0 0 0 0 0 0 0 0 0
0 0 0 0 0 0 0 0 0 0
32 32 32 32 32 32 32 32 32 32
16 16 13 13 15 16 16 16 16 16
17 17 17 17 17 17 17 17 17 17
0 0 0 0 0 17 0 0 0 0
17 17 17 17 17 17 17 17 17 17
0 0 0 0 33 33 36 17 0 0
17 17 17 17 17 17 17 17 17 17
0 0 0 0 0 17 0 0 0 0
13 13 13 13 13 13 13 13 13 13
31 31 31 31 31 31 31 31 31 31
0 0 0 0 0 0 0 0 0 0
0 0 0 0 0 0 0 0 0 6
0 0 0 0 0 0 0 0 0 0
0 0 0 0 0 0 0 0 0 0
0 0 0 0 0 0 0 0 0 0
0 0 0 0 0 0 0 0 0 0
0 0 0 0 0 0 0 0 0 0
0 0 0 0 0 0 0 0 0 0

0 0 0 0 0 0 0 0 0 1
0 0 0 0 0 0 0 0 0 0
0 0 0 0 0 0 0 0 0 0
0 0 0 0 0 0 0 0 0 0
0 0 0 0 0 0 0 0 0 0
0 0 0 0 0 0 0 0 0 0
0 0 0 0 0 0 0 0 0 0
32 32 32 32 32 32 32 32 32 32
13 13 13 13 13 13 13 13 13 13
0 0 0 0 0 0 0 17 0 0
17 17 17 17 17 17 17 17 17 17
0 0 0 0 0 0 0 17 0 0
17 17 17 17 17 17 17 17 17 17
0 0 0 0 33 33 0 17 0 0
17 17 17 17 17 17 17 17 17 17
13 13 13 13 15 13 13 13 13 13
31 31 31 31 31 31 31 31 31 31
0 0 0 0 0 0 0 0 0 0
0 0 0 0 0 0 0 0 0 6
0 0 0 0 0 0 0 0 0 0
0 0 0 0 0 0 0 0 0 0
0 0 0 0 0 0 0 0 0 0
0 0 0 0 0 0 0 0 0 0
0 0 0 0 0 0 0 0 0 0
0 0 0 0 0 0 0 0 0 0

0 0 0 0 0 0 0 0 0 1
0 0 0 0 0 0 0 0 0 0
0 0 0 0 0 0 0 0 0 0
0 0 0 0 0 0 0 0 0 0
0 0 0 0 0 0 0 0 0 0
0 0 0 0 0 0 0 0 0 0
0 0 0 0 0 0 0 0 0 0
32 32 32 32 32 32 32 32 32 32
13 13 13 13 13 13 13 13 13 13
0 0 0 0 0 0 17 0 0 0
17 17 17 17 17 17 17 17 17 17
0 0 0 33 33 0 17 0 0 0
17 17 17 17 17 17 17 17 17 17
0 0 0 0 0 0 17 0 0 0
17 17 17 17 17 17 17 17 17 17
13 13 13 13 15 13 13 13 13 13
31 31 31 31 31 31 31 31 31 31
0 0 0 0 0 0 0 0 0 0
0 0 0 0 0 0 0 0 0 6
0 0 0 0 0 0 0 0 0 0
0 0 0 0 0 0 0 0 0 0
0 0 0 0 0 0 0 0 0 0
0 0 0 0 0 0 0 0 0 0
0 0 0 0 0 0 0 0 0 0
0 0 0 0 0 0 0 0 0 0

0 0 0 0 0 0 0 0 0 3
0 0 0 0 0 0 0 0 0 0
0 0 0 0 0 0 0 0 0 0
0 0 0 0 0 0 0 0 0 0
0 0 0 3 0 0 0 0 0 0
0 0 0 0 0 0 0 0 0 0
0 0 0 0 0 0 0 0 0 0
28 28 28 28 28 9 28 28 28 28
16 16 16 16 16 16 16 16 16 16
0 0 0 0 0 0 0 0 0 0
0 0 0 0 0 0 0 0 0 33
0 0 17 0 0 33 0 0 17 0
0 0 17 0 0 33 0 0 17 0
0 0 17 0 0 0 0 0 17 0
0 0 0 0 0 0 0 0 0 0
16 16 16 16 16 0 16 16 16 16
27 27 27 27 27 0 27 27 27 27
0 0 0 0 0 0 0 0 0 0
0 0 0 0 0 0 0 0 0 0
0 0 0 0 0 11 0 0 0 0
0 0 0 0 0 0 0 0 0 2
0 0 0 0 0 0 0 0 0 0
0 0 0 0 0 0 0 0 0 0
0 0 0 0 0 0 0 0 0 0
0 0 0 0 0 0 0 0 0 0

0 0 0 0 0 0 0 0 0 3
0 0 0 0 0 0 0 0 0 0
0 0 0 0 0 0 0 0 0 0
0 0 0 0 0 0 0 0 0 0
0 0 0 3 0 0 0 0 0 0
0 0 0 0 0 0 0 0 0 0
0 0 0 0 0 0 0 0 0 0
28 28 28 28 28 9 28 28 28 28
16 16 16 16 16 16 16 16 16 16
0 0 0 0 0 0 0 0 0 0
0 0 0 0 17 0 0 0 0 0
0 33 0 0 17 0 0 0 0 0
0 33 0 0 17 0 0 0 0 0
0 0 0 0 0 0 0 0 0 0
0 0 0 0 0 0 0 0 0 0
16 16 16 16 16 0 16 16 16 16
27 27 27 27 27 0 27 27 27 27
0 0 0 0 0 0 0 0 0 0
0 0 0 0 0 0 0 0 0 0
0 0 0 0 0 11 0 0 0 0
0 0 0 0 0 0 0 0 0 2
0 0 0 0 0 0 0 0 0 0
0 0 0 0 0 0 0 0 0 0
0 0 0 0 0 0 0 0 0 0
0 0 0 0 0 0 0 0 0 0

0 0 0 0 0 0 0 0 0 3
0 0 0 0 0 0 0 0 0 0
0 0 0 0 0 0 0 0 0 0
0 0 0 0 0 0 0 0 0 0
0 0 0 3 0 0 0 0 0 0
0 0 0 0 0 0 0 0 0 0
0 0 0 0 0 0 0 0 0 0
28 28 28 28 28 9 28 28 28 28
16 16 16 16 16 16 16 16 16 16
0 17 0 0 0 0 0 0 0 0
0 17 0 0 0 0 0 0 0 0
0 17 0 0 0 33 0 0 0 0
33 33 33 0 17 0 33 0 0 33
0 0 0 0 0 0 17 0 0 0
0 0 0 0 0 0 17 0 0 0
16 16 16 16 16 0 16 16 16 16
27 27 27 27 27 0 27 27 27 27
0 0 0 0 0 0 0 0 0 0
0 0 0 0 0 0 0 0 0 0
0 0 0 0 0 11 0 0 0 0
0 0 0 0 0 0 0 0 0 2
0 0 0 0 0 0 0 0 0 0
0 0 0 0 0 0 0 0 0 0
0 0 0 0 0 0 0 0 0 0
0 0 0 0 0 0 0 0 0 0

0 0 0 0 0 0 0 0 0 3
0 0 0 0 0 0 0 0 0 0
0 0 0 0 0 0 0 0 0 0
0 0 0 0 0 0 0 0 0 0
0 0 0 3 0 0 0 0 0 0
0 0 0 0 0 0 0 0 0 0
0 0 0 0 0 0 0 0 0 0
28 28 28 28 28 9 28 28 28 28
16 16 16 16 16 16 16 16 16 16
0 0 0 0 17 0 0 0 0 0
0 0 0 0 17 0 0 33 0 0
0 0 0 0 33 0 0 33 0 0
0 0 0 0 33 0 0 17 0 0
0 0 0 0 0 0 0 17 0 0
0 0 0 0 0 0 0 17 0 0
16 16 16 16 16 0 16 16 16 16
27 27 27 27 27 0 27 27 27 27
0 0 0 0 0 0 0 0 0 0
0 0 0 0 0 0 0 0 0 0
0 0 0 0 0 11 0 0 0 0
0 0 0 0 0 0 0 0 0 2
0 0 0 0 0 0 0 0 0 0
0 0 0 0 0 0 0 0 0 0
0 0 0 0 0 0 0 0 0 0
0 0 0 0 0 0 0 0 0 0

0 0 0 0 0 0 0 0 0 3
0 0 0 0 0 0 0 0 0 0
0 0 0 0 0 0 0 0 0 0
0 0 0 0 0 0 0 0 0 0
0 0 0 3 0 0 0 0 0 0
0 0 0 0 0 0 0 0 0 0
0 0 0 0 0 0 0 0 0 0
28 28 28 28 28 9 28 28 28 28
16 16 16 16 16 16 16 16 16 16
33 0 0 17 0 0 33 0 0 17
33 0 0 17 0 0 33 0 0 17
0 0 0 17 0 0 0 0 0 33
0 0 0 17 0 0 0 0 0 17
0 0 0 17 0 0 0 0 0 17
0 0 0 17 0 0 0 0 0 17
16 16 16 16 16 0 16 16 16 16
27 27 27 27 27 0 27 27 27 27
0 0 0 0 0 0 0 0 0 0
0 0 0 0 0 0 0 0 0 0
0 0 0 0 0 11 0 0 0 0
0 0 0 0 0 0 0 0 0 2
0 0 0 0 0 0 0 0 0 0
0 0 0 0 0 0 0 0 0 0
0 0 0 0 0 0 0 0 0 0
0 0 0 0 0 0 0 0 0 0

0 0 0 0 0 0 0 0 0 3
0 0 0 0 0 0 0 0 0 0
0 0 0 0 0 0 0 0 0 0
0 0 0 0 0 0 0 0 0 0
0 0 0 3 0 0 0 0 0 0
0 0 0 0 0 0 0 0 0 0
0 0 0 0 0 0 0 0 0 0
28 28 28 28 28 9 28 28 28 28
16 16 16 16 16 16 16 16 16 16
0 0 33 0 17 0 33 33 0 0
0 0 33 0 0 0 0 0 0 0
0 0 0 0 17 0 0 0 0 0
0 0 0 0 17 0 0 0 33 0
0 0 0 0 17 0 0 0 0 0
0 0 0 0 17 0 0 0 0 0
16 16 16 16 16 0 16 16 16 16
27 27 27 27 27 0 27 27 27 27
0 0 0 0 0 0 0 0 0 0
0 0 0 0 0 0 0 0 0 0
0 0 0 0 0 11 0 0 0 0
0 0 0 0 0 0 0 0 0 2
0 0 0 0 0 0 0 0 0 0
0 0 0 0 0 0 0 0 0 0
0 0 0 0 0 0 0 0 0 0
0 0 0 0 0 0 0 0 0 0

0 0 0 0 0 0 0 0 0 3
0 0 0 0 0 0 0 0 0 0
0 0 0 0 0 0 0 0 0 0
0 0 0 0 0 0 0 0 0 0
0 0 0 3 0 0 0 0 0 0
0 0 0 0 0 0 0 0 0 0
0 0 0 0 0 0 0 0 0 0
28 28 28 28 28 9 28 28 28 28
16 16 16 16 16 16 16 16 16 16
0 0 0 0 17 0 0 0 0 0
33 0 0 0 17 0 0 0 0 0
33 0 0 0 17 0 33 0 33 0
0 33 0 0 17 0 33 0 33 0
0 33 33 0 33 0 0 0 0 0
0 0 0 33 0 33 0 0 0 0
16 16 16 16 16 0 16 16 16 16
27 27 27 27 27 0 27 27 27 27
0 0 0 0 0 0 0 0 0 0
0 0 0 0 0 0 0 0 0 0
0 0 0 0 0 11 0 0 0 0
0 0 0 0 0 0 0 0 0 2
0 0 0 0 0 0 0 0 0 0
0 0 0 0 0 0 0 0 0 0
0 0 0 0 0 0 0 0 0 0
0 0 0 0 0 0 0 0 0 0

0 0 0 0 0 0 0 0 0 3
0 0 0 0 0 0 0 0 0 0
0 0 0 0 0 0 0 0 0 0
0 0 0 0 0 0 0 0 0 0
0 0 0 3 0 0 0 0 0 0
0 0 0 0 0 0 0 0 0 0
0 0 0 0 0 0 0 0 0 0
28 28 28 28 28 9 28 28 28 28
16 16 16 16 16 16 16 16 16 16
0 0 0 0 0 0 17 0 0 0
0 0 0 0 0 0 17 0 0 0
0 0 33 0 0 17 0 0 33 0
0 0 17 0 0 33 0 0 17 0
0 0 17 0 0 0 0 0 17 0
0 0 17 0 0 0 0 0 17 0
16 16 16 16 16 0 16 16 16 16
27 27 27 27 27 0 27 27 27 27
0 0 0 0 0 0 0 0 0 0
0 0 0 0 0 0 0 0 0 0
0 0 0 0 0 11 0 0 0 0
0 0 0 0 0 0 0 0 0 2
0 0 0 0 0 0 0 0 0 0
0 0 0 0 0 0 0 0 0 0
0 0 0 0 0 0 0 0 0 0
0 0 0 0 0 0 0 0 0 0

0 0 0 0 0 0 0 0 0 3
0 0 0 0 0 0 0 0 0 0
0 0 0 0 0 0 0 0 0 0
0 0 0 0 0 0 0 0 0 0
0 0 0 3 0 0 0 0 0 0
0 0 0 0 0 0 0 0 0 0
0 0 0 0 0 0 0 0 0 0
28 28 28 28 28 9 28 28 28 28
16 16 16 16 16 16 16 16 16 16
0 17 0 0 0 0 0 17 0 0
0 17 0 0 0 0 0 17 0 0
0 17 0 0 0 33 33 33 0 0
0 33 33 33 17 0 0 0 33 33
0 0 0 0 17 0 0 0 0 0
0 0 0 0 17 0 0 0 0 0
16 16 16 16 16 0 16 16 16 16
27 27 27 27 27 0 27 27 27 27
0 0 0 0 0 0 0 0 0 0
0 0 0 0 0 0 0 0 0 0
0 0 0 0 0 11 0 0 0 0
0 0 0 0 0 0 0 0 0 2
0 0 0 0 0 0 0 0 0 0
0 0 0 0 0 0 0 0 0 0
0 0 0 0 0 0 0 0 0 0
0 0 0 0 0 0 0 0 0 0

0 0 0 0 0 0 0 0 0 3
0 0 0 0 0 0 0 0 0 0
0 0 0 0 0 0 0 0 0 0
0 0 0 0 0 0 0 0 0 0
0 0 0 3 0 0 0 0 0 0
0 0 0 0 0 0 0 0 0 0
0 0 0 0 0 0 0 0 0 0
28 28 28 28 28 9 28 28 28 28
16 16 16 16 16 16 16 16 16 16
0 0 0 17 0 0 0 17 0 0
0 0 0 17 0 0 0 17 0 0
0 0 0 17 0 0 0 17 0 0
33 0 0 17 0 33 0 17 0 0
0 0 0 17 0 33 0 17 0 0
0 0 0 17 0 0 0 17 0 0
16 16 16 16 16 0 16 16 16 16
27 27 27 27 27 0 27 27 27 27
0 0 0 0 0 0 0 0 0 0
0 0 0 0 0 0 0 0 0 0
0 0 0 0 0 11 0 0 0 0
0 0 0 0 0 0 0 0 0 2
0 0 0 0 0 0 0 0 0 0
0 0 0 0 0 0 0 0 0 0
0 0 0 0 0 0 0 0 0 0
0 0 0 0 0 0 0 0 0 0

0 0 0 0 0 0 0 0 0 3
0 0 0 0 0 0 0 0 0 0
0 0 0 0 0 0 0 0 0 0
0 0 0 0 0 0 0 0 0 0
0 0 0 3 0 0 0 0 0 0
0 0 0 0 0 0 0 0 0 0
0 0 0 0 0 0 0 0 0 0
28 28 28 28 28 9 28 28 28 28
16 16 16 16 16 16 16 16 16 16
0 17 0 0 0 17 0 33 0 17
0 17 0 0 0 17 0 33 0 17
0 17 0 33 0 17 0 0 0 17
0 17 0 33 0 17 0 0 0 17
0 17 0 0 0 17 0 0 0 17
0 17 0 0 0 17 0 0 0 17
16 16 16 16 16 0 16 16 16 16
27 27 27 27 27 0 27 27 27 27
0 0 0 0 0 0 0 0 0 0
0 0 0 0 0 0 0 0 0 0
0 0 0 0 0 11 0 0 0 0
0 0 0 0 0 0 0 0 0 2
0 0 0 0 0 0 0 0 0 0
0 0 0 0 0 0 0 0 0 0
0 0 0 0 0 0 0 0 0 0
0 0 0 0 0 0 0 0 0 0

0 0 0 0 0 0 0 0 0 3
0 0 0 0 0 0 0 0 0 0
0 0 0 0 0 0 0 0 0 0
0 0 0 0 0 0 0 0 0 0
0 0 0 3 0 0 0 0 0 0
0 0 0 0 0 0 0 0 0 0
0 0 0 0 0 0 0 0 0 0
28 28 28 28 28 9 28 28 28 28
16 16 16 16 16 16 16 16 16 16
17 0 0 0 0 17 17 0 0 0
17 0 0 0 0 17 17 0 0 0
17 0 33 0 0 17 17 0 0 0
17 0 33 0 0 17 17 0 33 33
17 0 0 0 0 17 17 0 0 0
17 0 0 0 0 17 17 0 0 0
16 16 16 16 16 0 16 16 16 16
27 27 27 27 27 0 27 27 27 27
0 0 0 0 0 0 0 0 0 0
0 0 0 0 0 0 0 0 0 0
0 0 0 0 0 11 0 0 0 0
0 0 0 0 0 0 0 0 0 2
0 0 0 0 0 0 0 0 0 0
0 0 0 0 0 0 0 0 0 0
0 0 0 0 0 0 0 0 0 0
0 0 0 0 0 0 0 0 0 0

0 0 0 0 0 0 0 0 0 3
0 0 0 0 0 0 0 0 0 0
0 0 0 0 0 0 0 0 0 0
0 0 0 0 0 0 0 0 0 0
0 0 0 3 0 0 0 0 0 0
0 0 0 0 0 0 0 0 0 0
0 0 0 0 0 0 0 0 0 0
28 28 28 28 28 9 28 28 28 28
16 16 16 16 16 16 16 16 16 16
0 0 0 17 17 17 0 0 0 0
0 0 0 17 17 17 0 33 33 33
0 0 0 17 17 17 0 0 0 0
33 0 0 17 17 17 0 0 0 0
0 0 0 17 17 17 0 0 0 0
0 0 0 17 17 17 0 0 0 0
16 16 16 16 16 0 16 16 16 16
27 27 27 27 27 0 27 27 27 27
0 0 0 0 0 0 0 0 0 0
0 0 0 0 0 0 0 0 0 0
0 0 0 0 0 11 0 0 0 0
0 0 0 0 0 0 0 0 0 2
0 0 0 0 0 0 0 0 0 0
0 0 0 0 0 0 0 0 0 0
0 0 0 0 0 0 0 0 0 0
0 0 0 0 0 0 0 0 0 0

0 0 0 0 0 0 0 0 0 3
0 0 0 0 0 0 0 0 0 0
0 0 0 0 0 0 0 0 0 0
0 0 0 0 0 0 0 0 0 0
0 0 0 3 0 0 0 0 0 0
0 0 0 0 0 0 0 0 0 0
0 0 0 0 0 0 0 0 0 0
28 28 28 28 28 9 28 28 28 28
16 16 16 16 16 16 16 16 16 16
0 0 0 0 0 0 0 0 0 0
0 33 0 0 0 0 0 0 0 0
0 33 0 0 0 0 0 33 0 0
0 33 0 0 33 0 0 33 0 0
0 0 0 0 33 0 0 33 0 0
0 0 0 0 33 0 0 0 0 0
16 16 16 16 16 0 16 16 16 16
27 27 27 27 27 0 27 27 27 27
0 0 0 0 0 0 0 0 0 0
0 0 0 0 0 0 0 0 0 0
0 0 0 0 0 11 0 0 0 0
0 0 0 0 0 0 0 0 0 2
0 0 0 0 0 0 0 0 0 0
0 0 0 0 0 0 0 0 0 0
0 0 0 0 0 0 0 0 0 0
0 0 0 0 0 0 0 0 0 0

0 0 0 0 0 0 0 0 0 0
0 0 0 0 0 0 0 0 0 0
0 0 0 0 0 0 0 0 0 0
0 0 0 0 0 0 0 0 0 0
0 0 0 0 0 0 0 0 0 0
0 0 0 0 0 0 0 0 0 0
0 0 0 0 0 0 0 0 0 0
32 32 32 32 32 32 32 32 32 32
13 13 13 13 13 13 13 13 13 13
34 34 34 34 34 34 34 34 34 34
34 34 34 34 34 34 34 34 34 34
34 34 34 34 34 34 34 34 34 34
34 34 34 34 34 34 34 34 34 34
34 34 34 34 34 34 34 34 34 34
34 34 34 34 34 34 34 34 34 34
13 13 13 13 15 13 13 13 13 13
31 31 31 31 31 31 31 31 31 31
0 0 0 0 0 0 0 0 0 0
0 0 0 0 0 0 0 0 0 0
0 0 0 0 0 0 0 0 0 0
0 0 0 0 0 0 0 0 0 0
0 0 0 0 0 0 0 0 0 0
0 0 0 0 0 0 0 0 0 0
0 0 0 0 0 0 0 0 0 0
0 0 0 0 0 0 0 0 0 0

0 0 0 0 0 0 0 0 0 0
0 0 0 0 0 0 0 0 0 0
0 0 0 0 0 0 0 0 0 0
0 0 0 0 0 0 0 0 0 0
0 0 0 0 0 0 0 0 0 0
0 0 0 0 0 0 0 0 0 0
0 0 0 0 0 0 0 0 0 0
32 32 32 32 32 32 32 32 32 32
13 13 13 13 13 13 13 13 13 13
34 34 34 34 34 34 34 34 34 34
34 34 34 34 34 34 34 34 34 34
34 34 34 34 34 34 34 34 34 34
34 34 34 34 34 34 34 34 34 34
34 34 34 34 34 34 34 34 34 34
34 34 34 34 34 34 34 34 34 34
13 13 13 13 15 13 13 13 13 13
31 31 31 31 31 31 31 31 31 31
0 0 0 0 0 0 0 0 0 0
0 0 0 0 0 0 0 0 0 0
0 0 0 0 0 0 0 0 0 0
0 0 0 0 0 0 0 0 0 0
0 0 0 0 0 0 0 0 0 0
0 0 0 0 0 0 0 0 0 0
0 0 0 0 0 0 0 0 0 0
0 0 0 0 0 0 0 0 0 0

0 0 0 0 0 0 0 0 0 0
0 0 0 0 0 0 0 0 0 0
0 0 0 0 0 0 0 0 0 0
0 0 0 0 0 0 0 0 0 0
0 0 0 0 0 0 0 0 0 0
0 0 0 0 0 0 0 0 0 0
0 0 0 0 0 0 0 0 0 0
32 32 32 32 32 32 32 32 32 32
13 13 13 13 13 13 13 13 13 13
34 34 34 34 34 34 34 34 34 34
34 34 34 34 34 34 34 34 34 34
34 34 34 34 34 34 34 34 34 34
34 34 34 34 34 34 34 34 34 34
34 34 34 34 34 34 34 34 34 34
34 34 34 34 34 34 34 34 34 34
13 13 13 13 15 13 13 13 13 13
31 31 31 31 31 31 31 31 31 31
0 0 0 0 0 0 0 0 0 0
0 0 0 0 0 0 0 0 0 0
0 0 0 0 0 0 0 0 0 0
0 0 0 0 0 0 0 0 0 0
0 0 0 0 0 0 0 0 0 0
0 0 0 0 0 0 0 0 0 0
0 0 0 0 0 0 0 0 0 0
0 0 0 0 0 0 0 0 0 0

